scene_id,im_id,obj_id,score,R,t,time
000002,000003,5,0.8484740257263184,0.9538522251939597 0.2960264290350612 -0.050341690528640126 0.23832296232096514 -0.8483254983093531 -0.4728065297230441 -0.18266936832181613 0.4389899796475289 -0.879727059744084,134.178171733457 44.03108842204588 970.1698809972589,-1
000002,000008,5,0.8732240200042725,0.9602733162825952 0.25699986174623357 0.10874846710663919 0.2782565011108141 -0.9113811391782305 -0.30324534413533594 0.021177290317564795 0.32145838021835377 -0.9466868712315588,-36.47610926972586 166.87434093272023 988.855277459913,-1
000002,000017,5,0.9036245942115784,0.9045184161030038 0.4221150484461753 -0.06054189298160806 0.16658446215712344 -0.4804576734717356 -0.8610517063277611 -0.392550699780723 0.7687517869100599 -0.5049006221270227,64.15198960595664 48.85615415793567 963.2958926594976,-1
000002,000027,5,0.8627327084541321,0.9837375392686218 0.17234071413896743 0.050587864985463527 0.12836072810942548 -0.47756470063161216 -0.8691694197277404 -0.12563429990625538 0.8615280813535386 -0.49192010299067435,243.35664942630055 127.52457703703004 972.5360470160405,-1
000002,000036,5,0.866824209690094,0.9905347081980143 0.12445470081180428 0.05789662598907661 0.13659390186111525 -0.8521539274198136 -0.5051492749250889 -0.013531364655154109 0.508276215682803 -0.861087795025419,144.68991079644158 147.46409805872182 960.1978689225876,-1
000002,000038,5,0.8351341485977173,0.9833882532453808 -0.1653107059800227 0.07496608478095476 -0.12491402711028596 -0.9159829513611191 -0.3812764333746113 0.13169673196434892 0.3655784502732076 -0.9214165005499686,209.3155394078832 146.42335629110858 979.0282093051018,-1
000002,000039,5,0.8011826872825623,0.9739758793294663 -0.21548057294679196 0.07027879599790532 -0.1524520373548996 -0.8522821481989482 -0.5003733767575236 0.16771810513696256 0.4766374539877334 -0.8629527070850165,250.6351392933955 171.8140030258486 955.2483628752035,-1
000002,000041,5,0.8523283004760742,0.9663940874093646 -0.253716818936766 0.041355091691709533 -0.1733342838441165 -0.7619357093956367 -0.6240266026316627 0.18983596567686706 0.5958873639677015 -0.7803079876556149,302.7842756091584 90.66382750086245 971.700069212485,-1
000002,000047,5,0.906352698802948,0.9423266756517766 -0.32724203026437304 0.07023595933368193 -0.171906569140997 -0.6532784647667464 -0.7373434606465122 0.28717341074905084 0.6827443892852246 -0.6718567786800271,283.7745982473379 -7.607628645267751 953.537734414492,-1
000002,000058,5,0.9059090614318848,0.8875359660810411 -0.36048950341301794 -0.28692721523346076 -0.4135144548673126 -0.34860796311447095 -0.841117282945113 0.2031888395763465 0.8651703913000119 -0.45846972581556833,205.7408249514435 -8.390284917196329 979.854164171538,-1
000002,000061,5,0.8729016184806824,0.886173414338512 -0.40109356304299 -0.23199274429408953 -0.37843390505445534 -0.3376067157600118 -0.8618639596705354 0.26736577796131517 0.8515548480040601 -0.4509654993632253,325.70986373840566 -98.92404592835831 947.9032634982694,-1
000002,000062,5,0.9166767597198486,0.7541656126633004 -0.6438953776794323 -0.1289688771729441 -0.45673400650774076 -0.373207192672967 -0.807533552638248 0.4718350092729192 0.6679185084575993 -0.5755489467319006,112.84823132521215 -125.6336731762073 1056.4223468147607,-1
000002,000064,5,0.8547594547271729,0.7579871878808241 -0.6431973849613255 -0.1084091646837699 -0.33784376319981607 -0.24496817133149218 -0.9087640984884314 0.5579578968663378 0.7254569036224118 -0.4029829603234807,125.41668320386512 -78.75147148000305 1075.2045241357469,-1
000002,000065,5,0.8819968700408936,0.731443992826582 -0.4247730039606451 -0.5334393878072343 -0.5492562475784329 0.09659810352611597 -0.830052035050344 0.40411292958029243 0.9001314912285916 -0.16265312368542495,324.778469607582 -51.38227824160241 1028.5868338272367,-1
000002,000069,5,0.8802034258842468,0.94027808408546 -0.3025533084812889 -0.1560083975803953 -0.1870358678885971 -0.07626058113675382 -0.9793885377560042 0.2844199513250361 0.9500767438958343 -0.12829447375687497,214.92571048093274 100.26411513232057 1040.7494199760304,-1
000002,000072,5,0.8598411679267883,0.8697599080399483 -0.16441077138593552 -0.465281420882698 -0.4920213872723166 -0.2166040108833973 -0.8432067699774771 0.03785045353712163 0.962315852889012 -0.26928710040684734,116.59899001834765 -6.713812915490127 992.9519590426037,-1
000002,000079,5,0.924200177192688,0.7839569243569986 0.5912950516973476 -0.18916052069854908 0.22132855836781365 -0.5508761687619157 -0.8047043655535979 -0.5800217323545218 0.5889869340897338 -0.5627336683263542,235.5590309489686 62.58481344993275 951.9433450947075,-1
000002,000089,5,0.8733681440353394,0.7421326871853331 0.17340725656597086 -0.647432620418017 -0.523628706873931 -0.45297566802128864 -0.7215441923529022 -0.4183922226196506 0.8744958362113171 -0.245367032220015,60.52893994956676 -64.80403476485414 931.696317514026,-1
000002,000096,5,0.8828668594360352,0.8750887629107365 0.4735679869893963 -0.09976481707580012 -0.053145359904170825 -0.11086278740670119 -0.9924137308043822 -0.48103557846381073 0.8737521410945027 -0.07184683837692085,168.07887135633942 91.29882911176479 976.1205583813027,-1
000002,000097,5,0.9112610816955566,0.8184371136963294 0.5484130797340955 -0.17147531863503354 0.3529660611217381 -0.7153290730731361 -0.6030914332939359 -0.4534045110280963 0.4330674441618685 -0.7790230665304336,297.1796555779781 -36.71372887457355 865.7218279925034,-1
000002,000102,5,0.8612234592437744,0.7106712615371036 0.6945785575716845 -0.11183463411170916 0.5487385922053303 -0.6467437475524767 -0.5297249120310379 -0.44026391567987255 0.3150922918184714 -0.8407642548222478,186.32591455249076 -8.106417916576875 905.0668147343038,-1
000002,000107,5,0.8724822998046875,0.6486247828502085 0.7608499991247825 -0.019828512408610777 0.699839850561519 -0.6064494704829686 -0.37741651171743623 -0.2991823434605568 0.23092491979590585 -0.9258313057888592,36.90889175115575 88.60579562005661 944.5361830480709,-1
000002,000110,5,0.8991060853004456,0.975036485634767 -0.16326702491236497 -0.1504916285288589 -0.22034693603716524 -0.6278002159820908 -0.7465347390388966 0.027405828942695186 0.7610589776023309 -0.6481035049672685,160.3962235430023 45.01494367711331 955.773124547998,-1
000002,000115,5,0.874497652053833,0.8824741140879455 -0.4299729282655683 -0.19069011228542526 -0.2757651819296568 -0.14452845386785707 -0.9502973694890827 0.38104199558578705 0.8911985227665603 -0.24611418207551927,110.46249284406716 -52.37519263069027 956.3173364125639,-1
000002,000119,5,0.8769184350967407,0.948397553109639 -0.20702479039454325 -0.2401724743132421 -0.3111501624065284 -0.7534696421525251 -0.5791969222889023 -0.061054546841660534 0.6240386482555716 -0.7790045621132897,272.96376938177906 -20.41960026729542 808.9024979128977,-1
000002,000124,5,0.8781496286392212,0.9727216737354621 -0.2182780537369179 -0.07853175601057448 -0.22766661901182983 -0.9632305026946042 -0.1426706321091423 -0.04450231491735626 0.15665787543409068 -0.9866498132729127,135.69540411971548 88.77574178563478 911.0029681392267,-1
000002,000126,5,0.9099040031433105,0.9163403279078988 -0.3986454720208252 -0.03744584205139659 -0.39054657384569297 -0.8692522580400297 -0.30310705295274915 0.08828237143980314 0.29237356161185885 -0.9522205224439146,224.61516481369623 15.15234674607694 905.7936985781027,-1
000002,000136,5,0.918787956237793,0.8978656012480817 -0.010203123008433984 0.44015140392403107 0.2846650552939872 -0.7491962752268786 -0.5980558063263347 0.3358618293136211 0.6622694598628612 -0.6697730915340374,0.34547071171944577 95.6301305275524 956.5750347720425,-1
000002,000153,5,0.7846603989601135,0.9222312975134355 0.3205707770171276 -0.21615691247175106 0.0196431293771559 -0.5971926276284054 -0.8018572896560543 -0.3861393289409375 0.7352518904626604 -0.5570467450906851,317.828781279975 -68.3732276152623 857.7660014230329,-1
000002,000156,5,0.8461790680885315,0.9746369304815169 0.22335424325871261 0.01399055967052841 0.14245616942666633 -0.5709834356938086 -0.808507362956934 -0.17259517239438577 0.7899941760428505 -0.5883197330402323,46.66287326471307 46.24299717845389 897.638555343605,-1
000002,000162,5,0.8981346487998962,0.3879946389995129 -0.921430136070766 0.020655857480323142 -0.7983078429657926 -0.34718210340933076 -0.4921068734854006 0.46061344744475385 0.17444509569742137 -0.8702896992497247,219.32177089355108 -55.50827337686374 1036.0102516993193,-1
000002,000166,5,0.893388032913208,0.001645004875378775 -0.999915172153182 0.012920621379510222 -0.7750197274573789 -0.00943982018746814 -0.6318665300890044 0.6319348985543134 -0.008974312937542805 -0.7749695127528884,121.57765295284456 -115.53008409145946 1006.4596899200028,-1
000002,000175,5,0.8716174960136414,0.22065829310335217 -0.9735632590399678 0.05902963943809625 -0.941434231832483 -0.22841601782030363 -0.2480477976864489 0.2549735374871241 -0.0008387196142151249 -0.9669476675243138,179.74830694708152 -32.42608781289087 948.6910238119765,-1
000002,000176,5,0.8689557909965515,0.25560560033473956 -0.9653243174332209 0.0530541162361933 -0.911539976940063 -0.25892165580950377 -0.3194596165291854 0.3221189958968994 0.033294719175133075 -0.9461135313256133,145.03301949080537 -119.2741168781022 969.7104266327952,-1
000002,000178,5,0.7862852215766907,0.730004958607428 0.5939705078906055 -0.3380706969921287 0.4554462731608378 -0.7916046265558867 -0.4073460537174991 -0.509569870255759 0.14339160007299026 -0.8483969568286047,272.8651219838348 214.5473361152652 890.1930639784124,-1
000002,000203,5,0.8979700207710266,0.9067737339144762 -0.38222157162832204 -0.17795523500244143 -0.4159322044634298 -0.8800406265976823 -0.22919183412100683 -0.0690057734757774 0.28184244839898576 -0.9569759858572604,307.22230205981856 16.914191442283357 829.5775721409119,-1
000002,000207,5,0.8338055610656738,0.8673330517790715 0.06666245463546469 -0.4932438488552868 -0.2752155224286895 -0.7614791877683069 -0.5868610251243672 -0.4147165218627128 0.6447523274387571 -0.642109525514456,229.56200834127608 -50.356904232659396 754.9900865355658,-1
000002,000217,5,0.8558841943740845,0.9272871324127204 -0.2767001095677728 -0.25214206992681026 -0.31597301519353005 -0.2173246409179237 -0.923542665023877 0.2007476717954736 0.9360593196027046 -0.2889521110039148,139.76581991114648 40.87049979636201 840.9860595684097,-1
000002,000219,5,0.7739173769950867,0.974844029185346 -0.12995946488037194 -0.1810791436076716 -0.19688956767730578 -0.12131772538545493 -0.9728907994462397 0.10446825786584171 0.9840693811898158 -0.14385352308222865,152.23975055883983 0.7423900250822157 768.2557807034653,-1
000002,000221,5,0.8091004490852356,0.9812689003677619 -0.01669692671242827 -0.19191810182836613 -0.19066520735945902 -0.22656614993857183 -0.9551515892279021 -0.027534049350174006 0.9738526543273229 -0.22550583980467054,85.17083129402693 41.76744034856793 789.4873502902961,-1
000002,000224,5,0.8643852472305298,0.8290653381142432 -0.06628036051780012 0.5552094910456287 0.43711088526860326 -0.5423831256572287 -0.7174640192943428 0.348690033005266 0.8375126618815537 -0.4206991823986126,186.6266146513547 26.898772966983135 769.0380650336989,-1
000002,000243,5,0.8938413262367249,0.31909429379533516 -0.9460839571173251 -0.055713353448522074 -0.6546884764087298 -0.17754432743044513 -0.734752346477973 0.6852458175902081 0.27093017159868826 -0.6760436462186692,185.5196139311902 -209.96717585991854 927.012886397523,-1
000002,000248,5,0.8964717984199524,0.6074678483556496 -0.7347083531650025 0.30197094066106334 -0.036051448310508716 -0.4052596889356259 -0.9134904912469065 0.7935257439358048 0.5440296134525856 -0.2726695314804317,281.7780492868705 52.666338977729254 931.0336122588986,-1
000002,000249,5,0.910804808139801,0.39774395613552127 -0.9141120769358313 -0.0787328149993726 -0.7277426956291335 -0.26206159022536246 -0.6338093497945549 0.5587399344203946 0.3093910692450821 -0.7694718006238292,141.11693006044385 -29.055621257425024 910.8916327535087,-1
000002,000254,5,0.8858773708343506,0.03350579941626086 -0.9962016157814544 0.08037227208370126 -0.8219716148785681 -0.07321341138109738 -0.5648030282566312 0.5685420175672121 -0.047139549301636274 -0.8213025247448362,126.30380566780433 -204.77967353475515 923.105943454432,-1
000002,000258,5,0.8124492764472961,0.9430914138352736 0.2076861274169028 -0.2597018629674318 -0.16915754912664538 -0.37275506328349683 -0.9123811628754637 -0.28629409481100243 0.9043893714960867 -0.3164104233448424,203.86901791959264 54.67965014313319 784.968608723357,-1
000002,000263,5,0.9198896288871765,0.7977642435289963 0.5976215796641604 -0.08012901638184405 0.185914877154015 -0.3702107888875106 -0.910153630023028 -0.5735920764789344 0.7111908459133882 -0.4064476725109687,-355.5585420409514 -47.45310271008529 1059.8470708717934,-1
000002,000266,5,0.8511460423469543,0.9953819778807288 -0.09293366270572795 -0.024042721275812785 -0.09376630708094344 -0.8876618884384795 -0.4508483686010574 0.020557182848110395 0.4510207380486298 -0.8922766925586587,236.95282816226015 -52.7287438407869 751.001461442074,-1
000002,000268,5,0.859188973903656,0.991301031266062 0.09746822603997807 -0.08844326047507368 0.06802693813923105 -0.9547086872404409 -0.2896612818362779 -0.11267032039647008 0.281125003192982 -0.9530341712034796,201.90615758339322 -27.98738498796692 725.058288843622,-1
000002,000277,5,0.862031102180481,0.8368463638399164 0.543240682096843 -0.06765888443410117 0.3041310155644712 -0.5641128249454403 -0.7676464330040222 -0.4551840163050913 0.6218249609391957 -0.6372921066931039,161.82354774940092 44.16186099025488 667.9406657370866,-1
000002,000283,5,0.7477911710739136,0.7405386347126608 -0.2998418279032741 -0.6014128438415094 -0.67062076772023 -0.272138046472592 -0.6900787415682438 0.043247154822458944 0.9143499121789781 -0.40260889421131485,128.73590904092066 -78.62624763386437 728.5901893575148,-1
000002,000307,5,0.8358386158943176,0.2821713164540264 -0.9591304678549769 0.021168226257649442 -0.9010241630378165 -0.27252476610528453 -0.3374695682298816 0.32944621077287295 0.0761511489838039 -0.9410983990613537,35.13971510381024 -133.29937537664821 769.1213242900282,-1
000002,000310,5,0.8047447800636292,0.27396443058078357 -0.9612818775188067 -0.029675625190798638 -0.8570221515729425 -0.23001619569612597 -0.46109172778392515 0.4364132473812305 0.15175540079812314 -0.8868561190174926,93.9648746811699 -190.91725034434685 801.9207978949912,-1
000002,000322,5,0.8698301911354065,0.5182996437297774 -0.8496076480407689 -0.09763361972301654 -0.43728199350826247 -0.16517321492210613 -0.88402616885799 0.7349489352757956 0.5008838722328046 -0.4571273444829633,132.8914284106037 -57.754106628373414 872.0342262840796,-1
000002,000326,5,0.8590642213821411,0.394816874476418 -0.7603887934402637 -0.5156825752719715 -0.6365837551231234 0.17831384901585623 -0.7503101318538181 0.662480760733484 0.6245102513647078 -0.4136498369374437,84.57047950832464 -195.22273893617563 751.9542144442041,-1
000002,000338,5,0.7881751656532288,0.9964499030410996 -0.07707827315456856 -0.033860456832314506 -0.07879386788999146 -0.7121989980931334 -0.6975414779768094 0.029649909145187794 0.6977331344594773 -0.7157439178680007,101.84638792486386 -55.30568409676539 612.2500505010665,-1
000002,000342,5,0.7302637696266174,0.9503610033064661 0.3111490616266748 0.0004741763034388363 0.27216980423090126 -0.8305638790841527 -0.4858880945501734 -0.15078979096490558 0.4618981535030478 -0.8740209006260866,49.05958807810474 1.3505404827071619 578.9810028779888,-1
000002,000356,5,0.8404309153556824,0.94769446501266 0.3177116179487911 -0.030570063865319602 0.06078509132978552 -0.27367548540010156 -0.9598994225245937 -0.31333747566545234 0.9078331655713953 -0.2786728724368803,70.01054087823654 -17.513875576118153 597.5116111535132,-1
000002,000362,5,0.6919077038764954,0.9997928195530404 -0.020347807006129738 -0.0005335918128224967 -0.004922800444652038 -0.2162800508780942 -0.9763189569131349 0.019750544447268977 0.97611930948128 -0.21633541007386237,102.22661488086344 -22.1111579661383 639.0720531279483,-1
000002,000365,5,0.8423187136650085,0.7948630991349442 -0.41801411775418307 -0.439837300591689 -0.5538324680185007 -0.20363243607274462 -0.8073434389078888 0.24791581434456358 0.8853236856298783 -0.3933696997235556,40.073027239282766 -161.5561186708851 691.6667071362325,-1
000002,000368,5,0.8375710844993591,0.2568731680053917 -0.9574799315267231 -0.13133299769081558 -0.8620323050656167 -0.16555708629856047 -0.4790523522534788 0.4369399050008294 0.23626898209437702 -0.8679058056713029,103.28265592473176 -194.48986409968688 720.0962732427128,-1
000002,000387,5,0.8858606219291687,0.8708600258586086 0.09656469722952085 -0.4819523571998737 -0.3026803647076154 -0.6672016999752826 -0.680607440725238 -0.38728208347664195 0.7385913286784949 -0.5518110519180703,-30.450575927508083 -75.44731093391431 590.2270841823434,-1
000002,000402,5,0.9307927489280701,0.8323835171704179 -0.5442741839305912 -0.10441883474590918 -0.5538181475365532 -0.8099186375350211 -0.19317675852078092 0.02057036222785364 0.21862619532001304 -0.9755918444296832,257.18624189910184 -16.80867548975171 986.4189069301785,-1
000002,000415,5,0.84385746717453,0.9017031651425644 -0.33211921271255945 -0.27681804586961234 -0.42362787012174846 -0.5506758345088589 -0.7192326139324352 0.08643396108007625 0.7658021636396453 -0.6372410976520948,352.09419907272576 -99.87767998928506 968.2715531716517,-1
000002,000417,5,0.8887614607810974,0.9651507494197596 -0.0874906133025144 -0.24663621688313775 -0.2531421696328665 -0.5510984781762756 -0.7951160351202574 -0.06635565422811614 0.8298408642238241 -0.5540406728898299,368.17930479885064 -53.26133850356825 965.5081098163027,-1
000002,000425,5,0.7374968528747559,0.6486516431335745 -0.39390376213497424 -0.6512225979156646 -0.7327460437238217 -0.09189498939184926 -0.6742688976452637 0.20575296174587873 0.9145464105777167 -0.3482392591770971,195.94684869441647 -227.85131793574803 1091.4362128033433,-1
000002,000428,5,0.8945128321647644,0.9138969622079477 0.20088654422093527 -0.35275620308940747 -0.22357922568955396 -0.4762174692731067 -0.8504288634560669 -0.33882838179105446 0.8560733136303739 -0.3902996405106818,263.9693007781731 -59.65980669149377 969.601906817713,-1
000002,000434,5,0.8334236741065979,0.9190601540517077 0.12034677769155219 -0.3752933337187211 -0.30251465083796825 -0.3949312666820757 -0.8674757521828917 -0.2526129831636399 0.9107941302490656 -0.3265589273638301,333.88721168552655 -113.56863088593522 988.7711266050061,-1
000002,000435,5,0.8361144661903381,0.9144280602703911 0.1406600711778603 -0.37952083864574454 -0.3023403657717212 -0.3860225908655397 -0.8715370689571836 -0.2690940835751538 0.9117024205944043 -0.3104626716163357,339.87556034475415 -105.37389813650607 951.1991056210356,-1
000002,000438,5,0.826593816280365,0.9380206340088169 -0.19652007238877084 -0.2854770591869151 -0.34162521244180927 -0.3855054637495636 -0.8571334503117484 0.0583909616103883 0.9015350234835838 -0.42874829099912226,192.79016352983436 -73.76024908121671 1024.8865184812562,-1
000002,000442,5,0.8652453422546387,0.9483232217100449 0.09923205450573376 -0.3013902230067395 -0.2742514135803074 -0.22139711321578415 -0.9358255608867074 -0.15959081839092215 0.9701218055575744 -0.18274149246142035,248.00738587265 31.90822704372723 985.3149842665283,-1
000002,000446,5,0.8652609586715698,0.6797448847778563 -0.7319826888910288 -0.04634905373573747 -0.5342020268761711 -0.4507968826295732 -0.7151296141909169 0.5025684889641703 0.5108654556488612 -0.6974535110851134,137.44816617999072 -134.49396460727831 1002.4805733924313,-1
000002,000453,5,0.8469120860099792,0.7779064334168897 -0.5847307370258953 0.23011202929392344 -0.5001897781507382 -0.7978594465449642 -0.3364973839311076 0.38035741964911046 0.146663794905618 -0.9131363340606671,67.394049396152 -40.317998003609624 1090.1291563153688,-1
000002,000473,5,0.8747934103012085,0.7125655237591741 -0.5932317665122647 -0.3746017158937633 -0.5960061028872367 -0.23011593725865986 -0.769300578929158 0.3701717164654567 0.7714419787776052 -0.5175424366259362,-11.460522778325885 -134.23952710948092 1143.5582111739802,-1
000002,000474,5,0.9128600358963013,0.7984118905692266 -0.516210757764476 -0.3099433925185353 -0.5689992712366373 -0.47850839043694915 -0.6687821391257515 0.19692202093683953 0.7103211765459804 -0.6757703336345013,179.94074738768785 -135.07390518229815 928.046068167857,-1
000002,000476,5,0.7781338691711426,0.6404883968266661 -0.7572576970001762 -0.1278099912541911 -0.6463211770310816 -0.441629924604402 -0.6222796363493406 0.41478132751073116 0.48116919064701097 -0.7722905284415549,299.8866957419064 -250.3860525747839 987.8878496411879,-1
000002,000477,5,0.7298328876495361,0.36129899299778623 -0.9252833355947924 -0.11538538265031828 -0.6647307655663853 -0.16880608839603406 -0.727761989822193 0.6539082863585022 0.3396398878091398 -0.6760537697851272,157.61996658756132 -319.0826175354407 1120.0324157762295,-1
000002,000480,5,0.5981441140174866,0.41498922704342 -0.8968968837966256 -0.1528395278512964 -0.5578286199443885 -0.1181114956401379 -0.8215089198350732 0.7187566849837599 0.4261756145458725 -0.5493297492013371,98.46858987002945 -324.1239831684022 1153.5955199621872,-1
000002,000491,5,0.8415701389312744,0.44224924361415796 -0.8795471962211376 0.17553443007638422 -0.6004887486601618 -0.4357442146044548 -0.6704776224239705 0.6662048253016922 0.19111177111387742 -0.7208657445644504,4.059122261940562 -172.26330757981407 1166.2106846258648,-1
000002,000494,5,0.8541088700294495,0.8134019879252027 -0.5698255481528758 0.11694464806737884 0.043886198262610754 -0.14035202670440028 -0.9891285610081342 0.5800441428386147 0.8096913938484478 -0.08915514054935225,215.79941198420596 116.74325745703085 1110.7900275896197,-1
000002,000499,5,0.8298799395561218,0.8839105827847838 -0.46756811252597597 -0.009063210797511462 -0.008387869193064335 0.003526137106523497 -0.9999586041469448 0.4675807152689938 0.8839500135788236 -0.0008051102619095474,206.44902840361598 200.48991338840327 1184.2742889665014,-1
000002,000501,5,0.8486402630805969,0.8270167852036071 -0.5521398364704855 -0.10575839434218182 -0.27897219690592573 -0.23974151223333973 -0.9298916714680014 0.488075558028644 0.798539672335957 -0.3523019179065179,266.12645179299983 -136.04243475617872 940.5594305820302,-1
000002,000503,5,0.8274319767951965,0.6699391229893945 -0.7254011437392676 0.1580340221280323 -0.0703523066921008 -0.2739359695302377 -0.9591713285647301 0.7390751818531736 0.63146834066269 -0.23455406692148273,175.1559668752302 -16.652816881409194 1219.0340558065666,-1
000002,000521,5,0.8447405695915222,0.8254575664563 -0.5180270063104008 0.22420487664885236 -0.20563388693986062 -0.6458792724315126 -0.7352242310923554 0.5256752900051967 0.5607922843410245 -0.6396698392933096,183.54815650856463 -221.06575401255398 1064.728044715816,-1
000002,000527,5,0.6868880987167358,0.5237498522061662 -0.8518706429911236 -0.00158111476775874 -0.2708224291168 -0.1647475901637403 -0.9484268255498239 0.8076764848633982 0.4971666110522005 -0.31699220282772744,152.17195079106222 -85.70444140987966 1077.5802686551926,-1
000002,000529,5,0.824177086353302,0.6409122240795053 -0.7664429647366235 -0.04238753155347852 -0.19274368419062277 -0.10723324203144546 -0.9753721874279846 0.7430217986237603 0.6332978869451256 -0.21645413639095,176.56125668197862 -47.850229224416694 1095.6678898710495,-1
000002,000532,5,0.8252639770507812,0.35007758989347226 -0.9365067205861752 -0.02002107268118719 -0.87554153251332 -0.3195408944896092 -0.3623819002006136 0.33297553348347525 0.14439106290109477 -0.9318146355663699,142.04661514227834 -314.70348559035847 970.0687039199084,-1
000002,000535,5,0.8564668297767639,0.17588490786391175 -0.9776525017366725 -0.11515244258689977 -0.9787876747788761 -0.16119462231931903 -0.1264554523786689 0.10506753488430592 0.13495139711525111 -0.98526592021138,123.82794961526525 -208.09975008260673 976.468444113467,-1
000002,000540,5,0.8495444059371948,0.8946611494564708 -0.3795818574307991 0.23558234475998208 -0.1260258402891107 -0.7203519496685793 -0.6820634546639341 0.42860111436235215 0.5805262113962311 -0.6923080258449188,193.51346799178907 -96.70815144651527 940.4294631880821,-1
000002,000543,5,0.7093976140022278,0.6101371459121897 -0.7627830143318388 0.2142305679051455 -0.23812021359690005 -0.43443411769149876 -0.8686574475949516 0.7556662140486989 0.47898754726239284 -0.44669844695595606,205.28486239254931 -49.91252963937729 1063.8784549093232,-1
000002,000549,5,0.859671950340271,0.8838986592790603 -0.458156213327684 -0.09389379273369089 -0.46549216665960963 -0.8424638753454579 -0.2712409657785038 0.04516860528311481 0.2834563510086711 -0.9579208183193575,320.04311674260634 -115.11110880069478 810.0863595689426,-1
000002,000560,5,0.8799384236335754,0.9987271433089591 -0.036616860341493425 -0.03468859692546636 -0.04770290797659436 -0.4622762177268376 -0.8854519360726171 0.016386756497320586 0.8859796295981647 -0.46343453706925697,310.32046780254115 -16.8004957471121 880.9239142851889,-1
000002,000563,5,0.8038873672485352,0.8153636101546856 -0.5138191581454745 -0.26678091378169067 -0.43839602933031013 -0.2469844843191451 -0.8641802971446552 0.37814164634821146 0.8215768602074199 -0.4266384395114702,107.5067017574988 -129.48480993042705 918.4307663413381,-1
000002,000571,5,0.6349201202392578,0.9953812814789815 0.04974815585535556 -0.08210496617289181 -0.05783902048905478 -0.37183347992824745 -0.9264958234732177 -0.07662083391693905 0.9269654708744228 -0.36723870114195734,261.2636248018542 21.85041432090621 891.4444668401607,-1
000002,000575,5,0.8904635310173035,0.9770143378464262 0.01323220484676381 -0.21276252582962704 -0.20844888466856282 -0.14966560889234182 -0.9665139771339663 -0.04463234391046075 0.9886481245973099 -0.14346720742831964,113.29347257383841 0.2682877238490029 961.8219135812045,-1
000002,000589,5,0.8598272204399109,0.9300690632874271 -0.3655601866470184 -0.03656894111462507 -0.34796683522893745 -0.8446036210177603 -0.4068953243089008 0.11785847061796324 0.39116553184334274 -0.9127425198824202,178.61819172058776 -107.2644178241599 770.8423700669713,-1
000002,000603,5,0.8146420121192932,0.936376268917464 0.34168933445260874 -0.08029870316227142 0.03458653229825756 -0.31748070655830096 -0.9476337756469131 -0.34928964312127964 0.8845645254499954 -0.3090992486623574,171.6988738809552 -90.6448763699336 824.0238756220155,-1
000002,000607,5,0.8096516728401184,0.8113898852522847 -0.4943556878787697 -0.31186360475726027 -0.4283807161745614 -0.13994930736948552 -0.8926948825755477 0.39766369726196293 0.8579199526929709 -0.32532589606613893,45.6873320194217 -118.56959408056044 829.2785850590922,-1
000002,000611,5,0.7699278593063354,0.8619467255786281 -0.40476656227762864 -0.30530619437907225 -0.403438763691776 -0.18287538115051882 -0.8965454583677864 0.3070586364444625 0.8959467757802376 -0.3209273574406901,46.45061000089782 -142.42585427647896 796.397522469307,-1
000002,000615,5,0.8528977036476135,0.552771306963576 -0.809962733880049 0.1959700281250603 -0.6155309137879592 -0.5553719636505909 -0.5591812551957076 0.561752237529269 0.18847374277719386 -0.805550787917445,54.26003967958114 -212.56169547403542 834.3152779490413,-1
000002,000625,5,0.5684255957603455,0.1859665843425622 -0.9795377947508497 0.07695542971488789 -0.36906952379059715 -0.14222494079920356 -0.9184550902595321 0.9106064551258918 0.14240005220963053 -0.3879666338923389,-48.995919655167455 -154.84707226769527 971.7267190691388,-1
000002,000642,5,0.8528125286102295,0.430754034225599 -0.8909460021066629 0.14375737660560586 -0.6878677427748161 -0.42724718506044534 -0.5867689590527139 0.5841993927147229 0.15386703411738467 -0.7968914639796747,113.17013472101127 -232.99495115854896 878.8552627108616,-1
000002,000648,5,0.7133021354675293,0.30141579120348416 -0.9492016054588274 0.0903594655117127 -0.38281965319680566 -0.20726473990199779 -0.900272425835444 0.8732683630702851 0.23676494628162792 -0.4258458949817445,115.16637496490513 -190.5618965922882 934.8267028305593,-1
000002,000649,5,0.7934495806694031,0.42482848370375614 -0.9032313726226023 0.06077702645126176 -0.539092303837302 -0.3063498450657196 -0.7845567285872962 0.7272552834991011 0.3005376181753291 -0.6170712217273977,130.70491736153613 -200.33923784584002 813.9600296119713,-1
000002,000650,5,0.40351834893226624,0.6409595846672969 -0.7258383365338181 0.24965880725691636 -0.006624237615032003 -0.3304753741730133 -0.9437913681218039 0.7675460444163242 0.603278324061976 -0.21662948418400374,126.32356022986413 -101.43792827985283 1067.49979246426,-1
000002,000652,5,0.8272899985313416,0.9277439478632863 -0.3732001312050622 -0.003581797253935523 -0.3246125293692596 -0.8021491745126388 -0.501182010456465 0.1841680563494536 0.46613127324522763 -0.8653344804890466,187.03489372999888 -137.74190892437792 717.988398294381,-1
000002,000667,5,0.7552753686904907,0.9922858925422525 0.11674522804601505 -0.041704426504978784 0.007119209129580001 -0.38951307834372595 -0.9209934194447666 -0.12376600633047243 0.9135918747053733 -0.38733946629452465,139.38983035198794 -61.69141800596148 711.5900473794422,-1
000002,000669,5,0.8281437158584595,0.9855707987420498 0.16539991391196882 -0.035959270638755224 0.08314162174181053 -0.6581077643776669 -0.7483192107650123 -0.14743700824792816 0.7345318501901348 -0.6623634120746389,133.95781437369715 -105.91915352331146 684.051881642018,-1
000002,000679,5,0.7436937689781189,0.4173040170173633 -0.9087110063628911 -0.010082871422055995 -0.5203859619525304 -0.2298495768864557 -0.8224157237114675 0.745020676212353 0.3484443699072477 -0.5687976029274644,-42.69476755670913 -209.9270697820663 812.289964048347,-1
000002,000691,5,0.7928965091705322,0.8331132857178329 -0.5490030569131875 -0.06721530079090567 -0.5506714538041825 -0.811923084458501 -0.1937572060300785 0.05179964406851334 0.19843524995163925 -0.9787442201367047,147.54484321659618 -186.51477550829318 655.7975218359338,-1
000002,000695,5,0.666010320186615,0.6856194444263067 -0.6724602647647807 0.2787887546818264 -0.5467170380672074 -0.7285268400156166 -0.4127337200470542 0.4806521171404349 0.1305597016285707 -0.8671376514712508,147.02679486753226 -205.39488862579924 726.2746701310484,-1
000002,000703,5,0.7926710844039917,-0.3077365330562061 -0.9452147622501742 -0.10893704350171007 -0.4597997693124861 0.24797282149197875 -0.8526978667391469 0.8329960374231868 -0.21231705778305732 -0.5109198260114938,27.277776358675688 -2.2558590307870388 1196.1656354866932,-1
000002,000708,5,0.8248651623725891,-0.5215000936181304 -0.8514284652852845 -0.055742451132213044 -0.7214396705053782 0.47487842815292414 -0.5039992860075297 0.4555902261653267 -0.22262085925841152 -0.8619034161932961,-53.55561796722004 -59.42790717367381 1097.0024253553177,-1
000002,000711,5,0.5784492492675781,0.10921467762228643 -0.9906466218119415 0.08180113009273349 -0.35986033764362524 -0.11611570507561586 -0.925752494150466 0.9265919768608382 0.0716687779118696 -0.3691759671074797,14.012813388555134 75.30981741447467 1210.215346613746,-1
000002,000727,5,0.7381448149681091,-0.222252118150293 -0.9749764884637082 0.004984267316757163 -0.020514767146753377 -0.0004346437685283089 -0.9997894555423702 0.9747733789484727 -0.2223075752820204 -0.01990481513619602,1.3735630624885495 149.07076850328048 1206.8399914933593,-1
000002,000736,5,0.5135434865951538,0.03736275116921761 -0.999234393011387 0.011603992771128724 -0.25677048767434646 -0.020821929059428035 -0.966248086119565 0.9657499373463845 0.033122123926605684 -0.2573518669488237,-167.65923918050783 59.710830794201286 1210.8473461164879,-1
000002,000737,5,0.4649622440338135,0.14104541914018398 -0.9811825711024287 -0.1318595916283588 -0.20304007095988852 0.10169052681562307 -0.9738756421333089 0.9689586778207694 0.16413347897607233 -0.18487639588394744,-109.71369372298734 82.78554325343738 1249.7256798528433,-1
000002,000739,5,0.5486077666282654,-0.05784204329952258 -0.9960849732701759 -0.06685075954908509 -0.29696080360153976 0.08109878194708942 -0.9514395770047757 0.953136180800658 -0.035181153932919706 -0.3004891133746521,-169.2534162672388 -56.72618639339238 1226.276007262913,-1
000002,000740,5,0.5289703607559204,-0.13857497379943484 -0.987203779412184 -0.07890294386641572 -0.14124834395558256 0.09855847216759217 -0.9850559034358384 0.980227464401142 -0.12535918585524802 -0.15309863668699997,-98.12837619242183 116.37118227431273 1229.9496817074792,-1
000002,000750,5,0.8909810781478882,-0.6391111098596867 -0.7691019944538346 -0.00437165655719135 -0.47279116118352404 0.3973522196565825 -0.7864983988799483 0.6066345746498918 -0.5005929840310599 -0.6175768431363213,-71.29280980238526 -122.09734989942379 1019.8628459132822,-1
000002,000754,5,0.8864597678184509,-0.6519539076362824 -0.7535100307451951 -0.08472742108761347 -0.6350659488971234 0.6036659620214787 -0.4819529508656204 0.41430344298494415 -0.26040360954306685 -0.8720909455256165,-29.57598662900702 -238.39099447239107 1033.2376358212211,-1
000002,000756,5,0.9086929559707642,-0.6413462984765879 -0.7653840625636585 -0.05349917946967925 -0.4044945973548011 0.3965455224348603 -0.8240969417171993 0.6519655252704368 -0.5068913940978019 -0.5639167211995313,-61.61968752582238 -158.37070827376905 1087.1614465919856,-1
000002,000757,5,0.8886434435844421,-0.5443358853615679 -0.8374260138713792 -0.04915399474235066 -0.43638832395619515 0.33272606773566094 -0.8359776280283266 0.7164242281095339 -0.4336023929138965 -0.5465576732944126,-10.445719842787309 -197.85852214495213 1109.3674959429989,-1
000002,000758,5,0.8616974353790283,-0.5368054954992485 -0.843094044619691 0.03212930015759963 -0.5535089547610991 0.32317232681642705 -0.7675854898181259 0.6367634545112354 -0.429827964547291 -0.6401407844310898,-20.005727344854172 -260.0074007465879 1130.949575601028,-1
000002,000761,5,0.8201138377189636,-0.39000731373577 -0.9179887222118615 0.07204860251554623 -0.31941795558666314 0.06148763789606071 -0.9456169626412165 0.8636356088544785 -0.3918111487410703 -0.3172027093843268,0.2787626250475679 -37.23184212447229 1186.8102321552622,-1
000002,000762,5,0.6829727292060852,-0.600265079115994 -0.7997879657254351 0.0045874475080863175 -0.3156837721884661 0.23165238835531188 -0.9201526650214845 0.734864334942668 -0.5537836950019835 -0.39153292119465544,-230.7292545214808 -102.96832175136369 1070.829454422324,-1
000002,000764,5,0.8788939714431763,-0.8066660654391262 -0.5880344948966549 0.059205503803240356 -0.40909104698819265 0.4832603147381209 -0.774018076968049 0.4265376585286039 -0.6485945582649059 -0.6303893438551194,-104.59343450687334 1.2775458647332627 1071.8420135180095,-1
000002,000768,5,0.8916647434234619,-0.8352275658064354 -0.5496124826136647 -0.017917373476639215 -0.45487179954269685 0.7088287540705556 -0.5391228462823409 0.3090089954966454 -0.44214015465463896 -0.8420365338535656,-134.77268268565675 -136.58696105876595 1062.4490542885208,-1
000002,000769,5,0.6561450362205505,-0.7417043628033715 -0.6684513199048978 -0.05520390489670832 -0.5560265409739069 0.6588099033917368 -0.5067583220091829 0.3751121484716765 -0.34517002203315744 -0.8603188548198817,-120.78564599984824 -172.86639168537133 1083.02610955058,-1
000002,000770,5,0.8059173226356506,-0.902554590878047 -0.4302628583648152 0.016403755566960554 -0.37445677641374336 0.7655447467442837 -0.5231857828057433 0.21254960146466853 -0.4783462275841314 -0.8520607686504769,-174.5565740242003 -70.4912502084886 873.3642799370054,-1
000002,000773,5,0.883560836315155,-0.39175657750029425 -0.877339574772584 0.2771318359970895 -0.8926449614398627 0.28943627292648566 -0.3455598598368319 0.2229613347674481 -0.38275568506853896 -0.89654131457866,-86.63863432674181 -140.47646958007874 997.4066293590197,-1
000002,000775,5,0.8702757954597473,-0.6680733404807073 -0.7306644515794473 0.14073901710988082 -0.736830686124032 0.6232443828466776 -0.2620056855032966 0.10372343864786764 -0.27873984008062025 -0.9547489459679404,-5.298980971244635 -108.3907179387646 983.2578441233524,-1
000002,000785,5,0.8960630893707275,-0.8452189842082978 -0.5303199682968889 0.06607268694006552 -0.3097623286634497 0.385402188472871 -0.8692021933136838 0.43549072145671497 -0.7551330242718222 -0.49002239456906604,52.92223324399402 -28.213822331408082 1083.030018269892,-1
000002,000788,5,0.8808003067970276,-0.6493534574425397 -0.7602360540165349 0.01952509873953745 -0.26015604658466085 0.19793961921992587 -0.9450601772207476 0.7146040293287327 -0.6187576660668046 -0.32631278238938344,-90.99335851241696 -45.49619108156155 1008.1507910173888,-1
000002,000791,5,0.8636503219604492,-0.7288972087843537 -0.680681101838944 0.07336277411398395 -0.3296247005809903 0.255000612964838 -0.9090226862705074 0.6000470113193388 -0.6867662811953409 -0.41023853941317023,-98.01128237252385 -140.7530594341504 1069.217435123359,-1
000002,000794,5,0.8789913654327393,-0.7883324050883893 -0.5555367921901598 0.26440667845314186 -0.4679124151937203 0.2623135354916859 -0.8439488022418372 0.39948715973750076 -0.7890313565511319 -0.466732822484069,-200.9625367527938 -103.49191916265798 1023.8408520181315,-1
000002,000801,5,0.8336718678474426,-0.7348845722418724 -0.6740728929883006 0.07463511518891769 -0.20064591350257782 0.11097449169985363 -0.973358042853027 0.6478316778883202 -0.7302810398266834 -0.21680341324356922,-114.91691699492438 -4.902021618996203 1174.0819330845932,-1
000002,000803,5,0.8839677572250366,-0.5759968230986354 -0.8128257910580227 0.08684407389787435 -0.1641384157798208 0.010927590453846614 -0.9863767881657415 0.8008034966491908 -0.5824043450711653 -0.13971019503478233,-66.88337541898882 72.60676967495162 1176.857134131427,-1
000002,000804,5,0.8635053038597107,-0.43507964555938483 -0.8961350838835145 0.08745063437738637 -0.21547705505857234 0.009325884294173137 -0.9764643703819496 0.8742284259638358 -0.44368337732578933 -0.19715405124312335,48.00228271168007 6.564276912620476 1212.0966500850745,-1
000002,000808,5,0.882726788520813,-0.9182413971293348 -0.3606292574587697 -0.16364374495441072 0.000992065463232772 0.4111237351417236 -0.9115790093070566 0.3960198888996417 -0.8372119284075297 -0.3771530651182109,-176.47331504898304 -128.22185030661515 1060.623183729286,-1
000002,000809,5,0.6060134172439575,-0.2390836852523015 -0.9683411877044611 0.07179370196118973 -0.7633396201935968 0.14174101992039068 -0.6302555890387826 0.60012633310735 -0.20548680606559896 -0.7730611598341266,-164.13631436495376 -180.98559176230935 1043.912355797559,-1
000002,000819,5,0.9311728477478027,-0.5461678477405691 -0.8333577998115536 0.08494386138904568 -0.8112076878268155 0.5008949211641258 -0.3017389023023981 0.20890851898643725 -0.23370720024259184 -0.9495989549539652,-100.93935825819574 -48.438659810877226 920.9017857277478,-1
000002,000821,5,0.8755192160606384,-0.5403330937180417 -0.8382193578881002 0.073678055720487 -0.6721689539694072 0.3772978717742048 -0.6370519706227495 0.5061907201369489 -0.39374436378990474 -0.7672915552975419,-32.5610939664298 -121.20457255155026 1052.6035239874802,-1
000002,000828,5,0.7775933146476746,-0.23983371896985028 -0.9685006655479381 -0.06697946012242567 -0.4964918159653452 0.18165100375412813 -0.8488220010782894 0.8342515591382043 -0.17032138347347497 -0.5244186899865,-49.80894777214868 -123.95884136922882 1089.555933426904,-1
000002,000837,5,0.9002929329872131,-0.913391435977789 -0.4066781174142969 -0.01813817793484976 -0.30055717217671846 0.7037567866109897 -0.6437326864095906 0.2745568628455084 -0.582528363356959 -0.765035446857919,-171.92913507220754 -126.31215412224796 963.0141463039988,-1
000002,000840,5,0.8442307710647583,-0.6832321271841595 -0.7248365442891817 -0.08835069012931285 -0.37882945485610986 0.4552956008956529 -0.8057258590479077 0.6242452278686889 -0.5170279488267375 -0.5856620148303844,-100.54124298544461 -174.4208360327543 991.9819112502087,-1
