scene_id,im_id,obj_id,score,R,t,time
000002,000003,11,0.7194269299507141,0.19385964085040452 0.9789179044065262 -0.06432865676887498 0.8199889294661868 -0.19768503072025023 -0.5371580625682081 -0.5385504574338873 0.05138448269146445 -0.8410249935265193,-7.449606240593955 -153.60437323640852 1142.5501258691634,-1
000002,000008,11,0.7954573035240173,0.2791039054304161 0.9556771602999741 0.09371326082506895 0.9093593109933495 -0.2316954986388282 -0.345518218651645 -0.30849092933697464 0.18165451051785933 -0.9337210425632101,-195.88170359299062 -50.13611374865884 1092.4360049635004,-1
000002,000017,11,0.511474609375,0.11914398636646073 0.9875278956924112 -0.10292407756218858 -0.18661947333475326 -0.07954143744463882 -0.9792069913463142 -0.9751809486884823 0.13587426157502952 0.1748150518590217,-451.3230710835409 -283.5719997175746 1075.603616703793,-1
000002,000027,11,0.629838764667511,0.09484647600708329 0.9951034525518351 0.02780763759213678 0.518647422553754 -0.02555241671340225 -0.8546062982908871 -0.8497111256582355 0.09547875533081968 -0.518531397519082,104.20921604615143 10.431324601349983 1168.4972436947298,-1
000002,000036,11,0.7683460116386414,0.18778147284189717 0.9807876402179304 0.052855683261796155 0.8185213029186363 -0.12651493814265113 -0.5603720613085016 -0.542918958156469 0.14849099374206046 -0.8265527385786036,-4.223070232575204 -53.82097561556709 1125.9571589652107,-1
000002,000038,11,0.711801290512085,0.5036976209196149 0.8606426465862705 0.07471908428841804 0.8123271226613947 -0.44243231861567645 -0.3799714321274902 -0.29396148126681365 0.25208704512794067 -0.9219754710457781,-1.6369838012431712 -26.60536300618039 1060.947251159858,-1
000002,000039,11,0.802063524723053,0.5332613276508793 0.8438922818341703 0.05897603829301301 0.7479736201896781 -0.43778518387772336 -0.4988783381521944 -0.39518074337240783 0.3101450458057735 -0.8646630734741516,30.004387656500892 20.90139330328543 1046.596074688982,-1
000002,000041,11,0.7998762130737305,0.6141943549555269 0.7873033689013541 0.054024991044355875 0.6359326469333025 -0.4532442904660192 -0.6246273142637606 -0.4672846700943314 0.41799882592721876 -0.7790519999449965,72.6114006883693 -35.89296972916098 1067.7830746815725,-1
000002,000047,11,0.7763842940330505,0.6709126668537373 0.7376879757592053 0.07544961149994206 0.5146866017969215 -0.3900034867587341 -0.7635410809162576 -0.5338294628305404 0.5511022869997148 -0.6413363968135135,43.84736011520258 -108.92838708402631 1058.7244161853328,-1
000002,000058,11,0.8289165496826172,0.6634484504559328 0.6868979524493659 -0.29666033861723157 0.09318216733429346 -0.46925307728715393 -0.8781336077997586 -0.7423969539798136 0.5549529280735488 -0.3753318669445609,-28.726642977135324 0.847461934599122 1157.5874789980073,-1
000002,000061,11,0.7475888729095459,0.7005575025671885 0.670916280638111 -0.2430854375966345 0.14374301062901645 -0.466342457688977 -0.8728474431720081 -0.6989686205346634 0.5765379922705258 -0.42313923355857885,85.7053982422175 -93.78854857922964 1105.0575845460141,-1
000002,000062,11,0.761792778968811,0.8886177358781754 0.4418167589947475 -0.1231116198988648 0.17251732431302644 -0.5706907101502519 -0.8028386426674262 -0.4249662248868955 0.6921777696658412 -0.583346931838852,-156.47512711646309 -114.57751718577184 1105.2416837652017,-1
000002,000064,11,0.7246425747871399,0.8940295788023072 0.4353720510674355 -0.10565173626544694 0.10471266418626787 -0.4323610218808591 -0.8955999133079198 -0.4355988638479021 0.7896297384898023 -0.43213250966219086,-145.69291296942143 -63.290145431033096 1131.182793513373,-1
000002,000065,11,0.775536298751831,0.6582554757351823 0.5308279031401865 -0.5337803536216388 -0.2963703778967736 -0.46906372001381147 -0.8319518169173792 -0.6920002368279743 0.7058335241504172 -0.15144209591599678,110.7384212753565 75.91776754944574 1166.1834576409565,-1
000002,000069,11,0.5411189794540405,0.5758968820605386 0.796505698829223 -0.18417777543862662 0.054385397583046224 -0.2621151436102829 -0.9635029216457491 -0.8157113519883636 0.5448617468888157 -0.1942695730540014,-14.282938561940291 124.82528126747548 1184.3245553925335,-1
000002,000072,11,0.6816155910491943,-0.41827511754046576 -0.7673691175964779 -0.48599440676381533 -0.04241066875962246 0.5509630161750232 -0.8334513123048537 0.9073297422777848 -0.3280005978142786 -0.26299875781380533,-62.83566466440864 41.12726011885242 1171.3172199385804,-1
000002,000079,11,0.6324989795684814,0.2890613869092279 -0.9407695250284147 -0.17718977221026233 -0.5701700664030107 -0.020508091191876687 -0.8212706701043526 0.7689925942270837 0.3384259431152948 -0.5423267198381647,229.46740778565777 -56.54925806879618 1158.9645817249316,-1
000002,000089,11,0.7140265703201294,0.24700365413661696 -0.6806568716283532 -0.6897067622897879 -0.3424990522700142 0.604495031924378 -0.719221909825394 0.9064676464371471 0.4138743522904611 -0.08381185166103133,-4.427111008995713 -68.28124813049743 1173.2557225035969,-1
000002,000096,11,0.4297908544540405,0.21568833788921027 -0.9718699677649201 -0.09459020380146749 -0.19029074590379524 0.05317789728117761 -0.9802864597984253 0.9577410782262434 0.22943599760579375 -0.17346800881046365,128.34364532502445 83.13146708357664 1193.344017107816,-1
000002,000097,11,0.6859279870986938,0.36458246721346765 -0.9203786197597268 -0.1413606058621752 -0.6845426586029766 -0.16199964106102027 -0.7107443034234391 0.6312534935771126 0.35589227665865586 -0.6891006561173842,300.6736321590048 -218.4175007534484 1093.0319350984362,-1
000002,000102,11,0.6731341481208801,0.47720380375193505 -0.8725664248661047 -0.10442396219771108 -0.7503289983005896 -0.3427006962673216 -0.5652987060723975 0.4574745063868788 0.3481150197481824 -0.8182499673277135,211.34071206186246 -194.49970260534604 1038.5653204519165,-1
000002,000107,11,0.827907919883728,0.5587815230218154 -0.8290292357414397 -0.0217654730108241 -0.7515993055687111 -0.4951506247818951 -0.43580310077686474 0.35051632401081073 0.25987763479003606 -0.8997788181202562,84.30232524352623 -121.99219144506793 1108.6302325661889,-1
000002,000110,11,0.7166256904602051,0.48423392915054075 -0.8625582733027372 -0.14666535724713475 -0.5861093065114437 -0.1953329811062725 -0.7863338396080962 0.6496101774757717 0.4667314556028309 -0.6001402883249543,181.84777706202766 -81.521195091695 1120.3729548025758,-1
000002,000119,11,0.665550947189331,0.10742027846168234 0.963396922200531 -0.24561607046314968 0.7773673844190561 -0.23539936354270674 -0.5833413145707786 -0.6198070937127859 -0.12827123581782826 -0.7742000107498561,173.56377002746245 -172.58286239768935 1002.9886681343779,-1
000002,000124,11,0.8167170286178589,0.09595901541421492 0.9920397969327305 -0.08154084045680211 0.9814150606380315 -0.10797076771317071 -0.15864044904209557 -0.16618166599713569 -0.06480242758644002 -0.983963566025349,23.784860379188288 -122.33686066421478 1005.9249776870194,-1
000002,000126,11,0.8139727115631104,0.26941288560332943 0.9622628814980597 -0.038299398976205046 0.9025947177835391 -0.26617351472641615 -0.3383407091785441 -0.33576699137964866 0.05658451156666153 -0.9402439686329402,77.51948071509743 -158.55413067054627 1007.9289895107488,-1
000002,000136,11,0.8336426019668579,-0.006298124363822932 0.8821325100205296 0.47095920035007127 0.7083231369567086 0.3363800011468929 -0.6205858751858798 -0.7058602321149039 0.32968277115023303 -0.6269534297899628,-69.12881162004531 -93.25353820261968 1135.9717561198938,-1
000002,000153,11,0.8128794431686401,0.40170055453510733 -0.894571404281706 -0.19590473993153878 -0.586027716159116 -0.08672263006175096 -0.8056368296748254 0.7037102957748437 0.4384303685611085 -0.5590801655790099,318.2593664343923 -189.94666241350927 1048.6466080371158,-1
000002,000156,11,0.6253132224082947,0.3870561177164047 -0.9220560536529439 0.000442335013928985 -0.4779336604368123 -0.201034827436533 -0.8550815249898887 0.7885220212269121 0.33075312860126277 -0.518493384683645,21.349867309529753 -77.03532800159891 1089.285568271393,-1
000002,000162,11,0.7177191376686096,0.7792989538731115 0.6265025093068501 0.013702055484274556 0.5497161034432851 -0.6729612431474954 -0.4949094572106185 -0.3008410645297703 0.3932146628161236 -0.868836510995594,-8.654957557794015 -70.47136106465672 1039.169174420352,-1
000002,000166,11,0.8012968897819519,0.9799488624264978 0.1960851844095536 0.035367039515404916 0.17120001859021364 -0.7378176774319618 -0.6529285018312618 -0.10193517873493609 0.6458913804379007 -0.7565933808937928,-97.10992287846862 -51.739992945756214 954.2335885563126,-1
000002,000175,11,0.5725075602531433,0.8550888375525679 0.5174591893998234 0.03254331265676255 0.5090844563808282 -0.8260397043272203 -0.24185000133643875 -0.09826543728307938 0.22337053113756172 -0.9697677606803028,-50.89393015597088 -9.097989704102842 931.1251101950157,-1
000002,000176,11,0.7676610350608826,0.871242953901781 0.4878662083454115 0.05405809866403581 0.47819165297518007 -0.8187566507629136 -0.3177582254739623 -0.11076307282377122 0.3026947465453737 -0.9466295115368357,-85.62027102129471 -103.43962455099107 953.9938794162225,-1
000002,000178,11,0.7902553081512451,0.7168644273896274 -0.6150162947515971 -0.32842099496432653 -0.6929040431880702 -0.57615688224289 -0.43350574849450085 0.0773910826708514 0.5383290854432529 -0.83917365073557,361.38306848687597 11.720485672789806 992.9807534232441,-1
000002,000203,11,0.8493878245353699,0.1415760185863043 0.9763827699561959 -0.16319594815410304 0.9501627596401238 -0.18028508966598755 -0.2543383900184779 -0.27775341789852903 -0.11905449582772232 -0.9532465923720328,160.04522180856472 -145.29614663337148 916.9574258972696,-1
000002,000207,11,0.7479209899902344,0.2552253966741882 -0.8245632129902127 -0.5049311880600765 -0.7396221904334694 0.1698579309929239 -0.6512352099642648 0.6227511640381734 0.5396700761224956 -0.5665131919267545,191.99322203372512 -191.9334205980504 963.8755915674394,-1
000002,000217,11,0.7217469811439514,0.061920699593291495 0.959238802608545 -0.27572948070890474 0.2274107719274101 -0.28255251479928933 -0.9319057984538872 -0.9718282604314699 -0.00499959505584624 -0.23563708595214972,12.441793671343092 25.8330254502483 1078.6383445774416,-1
000002,000219,11,0.745945394039154,0.06852313861222592 0.9873693967466173 -0.14285045972257399 0.22879050544474455 -0.15492336993970834 -0.9610690162859599 -0.9710610094597909 0.033172636535936606 -0.2365165788949828,48.601734708462345 -3.0038873359788383 952.8153746134849,-1
000002,000221,11,0.6887502670288086,0.034621307019438996 -0.9843990547228463 -0.17251048130775226 -0.23918846971980695 0.15943581345637514 -0.9577938699639923 0.9703557291289431 0.07442259366798853 -0.22993702724521503,7.197213670608553 16.6649620755877 1005.9746204341357,-1
000002,000243,11,0.9034662842750549,0.8615386502179152 0.5054396995042892 -0.04776886376821843 0.31016254392236897 -0.5984919289228601 -0.7386518851000106 -0.40193326626232045 0.6215610357633499 -0.6723923916081254,-40.21320990625079 -188.94736724360536 929.3895155840919,-1
000002,000248,11,0.7243752479553223,0.6291732839639561 0.7092054311937774 0.3180701732499598 0.40556443342783943 0.04954773594519235 -0.9127225822784607 -0.6630674694813242 0.7032586140446159 -0.25645438714843527,76.76113608485382 -24.04552649093276 1028.6559525902085,-1
000002,000249,11,0.8392308354377747,0.7962889385227168 0.5998169454598268 -0.0783808543306854 0.40562298808783925 -0.6255717141037214 -0.6664308081474211 -0.4487693370998709 0.4988784044760559 -0.7414353779166241,-87.28984333199143 -26.343586312218747 966.2592192386447,-1
000002,000254,11,0.8735618591308594,0.9627624590468681 0.254614982625654 0.09088266101168876 0.2553195838062811 -0.7458009807976596 -0.615298957553348 -0.08888395566700999 0.6155908606077475 -0.7830373776271462,-94.79160254311327 -153.1009112599053 890.8613856949468,-1
000002,000258,11,0.6430680751800537,0.37634271587776946 -0.903507601985733 -0.20503700485457504 -0.3078485946775599 0.08678362667209849 -0.9474691788637188 0.8738394606338147 0.4196934777854291 -0.2454831597963001,185.3178354029592 -0.434344248139624 1042.390660843332,-1
000002,000263,11,0.7949755191802979,0.5429948876854717 -0.8359916680141755 -0.07921163398339143 -0.3347203231142444 -0.12896208902677597 -0.9334511689896511 0.7701421019797177 0.5333729563867359 -0.349849156285299,120.05929153982902 -62.09274847758935 1020.3630820638958,-1
000002,000266,11,0.8084166049957275,0.6544628094618283 0.7556798093787758 -0.025029117615045227 0.6654072452986286 -0.5913695387101754 -0.4555384359083278 -0.3590426561502428 0.28147840837792865 -0.8898641900209308,24.292217122491635 -156.79041191627903 822.1124906247856,-1
000002,000268,11,0.5872526168823242,0.4605884398272948 0.8819173345152169 -0.10039972200675498 0.825099643317172 -0.4670997575604052 -0.31784964226012075 -0.3272137950871482 0.06355809601133611 -0.9428104267221911,19.53308463807616 -179.28355645428803 817.2193506985714,-1
000002,000277,11,0.6602697372436523,0.3222672700021928 0.9461599070720704 -0.030417707584640186 0.5796020951838418 -0.22261702197219657 -0.7839024638223375 -0.7484685818014236 0.23499593991727052 -0.6201384444449192,72.20543907664246 -88.55367710844338 853.8250071736644,-1
000002,000307,11,0.8350064754486084,0.9786110848078295 0.20498210364473454 0.01739775493051534 0.19882111443555492 -0.9206926159065425 -0.33585007290422303 -0.05282526995526799 0.33212564520155213 -0.9417547699128503,-197.58270936838724 -70.58298931341216 749.2666769775698,-1
000002,000310,11,0.8977678418159485,0.9786756936813625 0.20276135910152848 -0.032889479360500684 0.16411831103858449 -0.8681353446939046 -0.4684081588476426 -0.12352759440362396 0.45302191398264274 -0.8828998124772467,-133.746041283503 -121.7946819007009 773.4596918627939,-1
000002,000322,11,0.902280867099762,0.8862608619395529 0.4509328318830581 -0.10583603225785848 0.1221374918488394 -0.44792388367599467 -0.885689916120472 -0.4467931486482704 0.7720257609448921 -0.45205321230849016,-105.59327929238088 -26.770381877858483 887.5311263487766,-1
000002,000326,11,0.8228024840354919,0.78517829481074 0.33350601344862046 -0.5217938140220785 -0.2407184516377791 -0.6119629276453997 -0.7533631277337521 -0.5705696034658777 0.7171297749928393 -0.4002189568467629,-115.28049319104242 -70.03740049032984 808.8857013697537,-1
000002,000338,11,0.6728044152259827,0.7797025261070175 0.6261234523856843 0.005778681075076814 0.39645023616871183 -0.4865083224872928 -0.7785479191368846 -0.4846557345416521 0.6093267387233489 -0.6275585585845034,-38.39378233134467 -160.4234321296123 692.6306959622825,-1
000002,000342,11,0.8576828837394714,0.14355474053642547 -0.9894561564484746 0.019197680477898604 -0.8557367118214679 -0.13385134032682267 -0.4997984581145639 0.49709829662804306 0.05532027800838568 -0.8659289522417954,-9.540401122775055 -196.04422267543856 691.4046804960982,-1
000002,000356,11,0.7515067458152771,0.36818804157103224 -0.9269724945660156 -0.07183007978657813 -0.17238420732843807 0.007856451123586794 -0.9849984574807664 0.91363080678567 0.37504702437667886 -0.15690276733813557,19.758455820985407 -64.2708374394606 786.3499637998291,-1
000002,000365,11,0.6000601649284363,-0.4172120350191755 -0.7962948537456109 -0.43800527820268875 -0.22598478733940053 0.557717453377103 -0.7986752269162509 0.8802641613324517 -0.23423438709296107 -0.41263695687233426,-141.33182253796892 -126.16932962689498 844.6730018213651,-1
000002,000368,11,0.8882914185523987,0.9690208896210346 0.19695085626712047 -0.1490264261589424 0.0973858889608479 -0.8592059546558923 -0.5022759362294418 -0.2269680684796081 0.47220280357014494 -0.8517687527675166,-123.81926015995546 -115.28699530165993 727.1340277266263,-1
000002,000387,11,0.7033208012580872,0.09814997402665115 -0.8607725684005915 -0.49943685095076507 -0.6090630878146964 0.3449357440752161 -0.7141858914322686 0.7870252458849049 0.37428587730279916 -0.49040936409440516,-120.77824289968797 -173.21567270901028 827.4905749247597,-1
000002,000389,11,0.8651309013366699,0.44109310177617944 -0.8463700784323926 -0.2984871285328978 -0.3909226903656964 0.11818363891293582 -0.9128045122864713 0.8078467216760337 0.5193171649653442 -0.27873528023851346,109.90146264723957 -106.71776046460579 806.0091881711073,-1
000002,000402,11,0.8827788233757019,0.9518519429698824 0.28823547506381125 -0.10439439438589962 0.26304569168389375 -0.9428131365637826 -0.20472018368813538 -0.157432025811147 0.16740280892954273 -0.9732376158017615,-269.0222081487915 325.0041045602231 1045.386267833297,-1
000002,000415,11,0.8841049671173096,0.8404223570528576 0.4666329335487084 -0.2755793299459264 0.13316412919000617 -0.6707380001410166 -0.7296422752718602 -0.5253166439993944 0.576510399294372 -0.6258419792908247,-197.1408355919852 168.94466853611695 947.7036323838298,-1
000002,000417,11,0.848185122013092,0.6909835173488856 0.6817290261367013 -0.24038992007750098 0.26291855310072065 -0.546790038143059 -0.7949179131350207 -0.6733614283485401 0.48607220565489817 -0.5570621129660471,-218.1874224553659 114.20562204196527 1035.7485123435436,-1
000002,000425,11,0.8769741058349609,0.6892399924454669 0.28116499038158205 -0.6677533084886198 -0.39438646591385196 -0.6275379631030877 -0.6713087369969275 -0.6077890656451093 0.7260456962534472 -0.3216365940531216,-187.72986570689466 233.1803402437705 1006.5452172144052,-1
000002,000428,11,0.8332589864730835,-0.5086615756786923 -0.7876249780081652 -0.3477215774807594 -0.1436841913180507 0.4758673451008397 -0.8677010562584075 0.8488923692632349 -0.39140409283030725 -0.3552246916000301,-284.45388069561625 91.09404253724726 1199.8177915817753,-1
000002,000434,11,0.856732964515686,0.5719202218828741 0.7300555758021093 -0.3740669940554692 0.038090704190064884 -0.47915038327081905 -0.8769059290857437 -0.8194244065536178 0.4872717583152926 -0.3018441244956964,-211.22058433233798 85.46135730271898 1154.3172807669896,-1
000002,000435,11,0.8936991691589355,0.5850895438460921 0.724615318425757 -0.3641467643474411 0.06848998286313512 -0.4915745143645167 -0.8681380184479295 -0.8080713755166554 0.482998071559327 -0.3372439991172447,-200.64476469114427 97.27885389030263 1096.7002686043202,-1
000002,000438,11,0.9256115555763245,0.7516602237411933 0.5856571699973752 -0.3033357665624099 0.04119764227441369 -0.5007056609013882 -0.8646366840542528 -0.6582626089307889 0.63741628499119 -0.40048822368661696,-377.8933468846751 149.53261230740537 1017.5150485103593,-1
000002,000442,11,0.8568592071533203,0.5682772529623624 0.771046670241156 -0.2873116706219522 0.030323039775439764 -0.36855872335023143 -0.9291097786059648 -0.8222782236106757 0.5192797894704491 -0.23282401771122796,-317.21582054793527 208.5008274630863 1083.9617320706311,-1
000002,000446,11,0.9121869206428528,0.9980972105050269 -0.01272865581712401 -0.06033191280883933 -0.05293607635047197 -0.6786313638597914 -0.7325689345081571 -0.03161851044406107 0.7343687447780499 -0.6780138763258539,-261.3784228057736 233.60072869673138 718.227287782894,-1
000002,000453,11,0.8359760642051697,0.9638032868808365 0.15044528657136844 0.2201123348341813 0.22145240757938658 -0.9114618861325114 -0.3466930361357985 0.14846567069524574 0.3828882942533287 -0.9117864326413216,-434.83917386830547 328.4108773111757 933.387763183635,-1
000002,000473,11,0.8848395347595215,0.9187574305267456 0.09477579161009438 -0.38327840165677485 -0.2665231497243954 -0.5673268483740876 -0.7791698516850565 -0.29129056715396673 0.8180206577089635 -0.4959758149834681,-437.3493124635594 262.6784479936202 917.0531811123296,-1
000002,000474,11,0.9100238680839539,0.9187379599295921 0.21323802093871033 -0.33234034875493734 -0.07793632182476715 -0.7271683009880889 -0.6820206681461511 -0.3871001042686989 0.6524996616583323 -0.6514581343501087,-312.15039852374946 245.64958023070514 827.0675097436743,-1
000002,000476,11,0.8388338685035706,0.9897189901041364 -0.005532412853129075 -0.14291855385243293 -0.09460435505544229 -0.7747502107805 -0.6251496835959487 -0.10726759357696083 0.6322432311251687 -0.767308386546514,-82.53936141619107 189.1930382357333 759.8930890263425,-1
000002,000477,11,0.8852705359458923,0.940010373150614 -0.3237147461469563 -0.10765343234776634 -0.3004037463680379 -0.6359037409489436 -0.7109036653550089 0.1616727792093988 0.7005963141311482 -0.6950012353144117,-57.21345238333862 131.85935716748693 747.6787771579907,-1
000002,000480,11,0.8532650470733643,0.8863099364148405 -0.43581120373670656 -0.15659914211094605 -0.3788542018274256 -0.4879017087836752 -0.7863977468963614 0.266315959660749 0.75632038003979 -0.5975410382278707,-193.3054068025726 74.90335823434542 685.4869382798538,-1
000002,000491,11,0.6532585024833679,0.9215516960151221 -0.35927689204049584 0.14718215386851013 -0.1873524710550194 -0.7435320986894314 -0.6419182734648297 0.34006105798992925 0.5639859333921473 -0.752514680105683,-341.1999866288221 262.51791496263405 767.3607206153036,-1
000002,000494,11,0.781580924987793,0.9962766982927593 0.06068388316579229 0.06123893175749091 0.06649026167725816 -0.08867357883512694 -0.9938390420579483 -0.054879737070870634 0.9942104720533228 -0.09237830761894883,-361.75230678661484 119.35094504924754 746.4477166722776,-1
000002,000499,11,0.9129029512405396,0.9816663070793505 0.1835592895976424 -0.05135415024707461 -0.05088445694592328 -0.007271258585344498 -0.9986780766793191 -0.18369004759787272 0.9829817475421374 0.002202365205261403,-410.3025279439314 226.64877290158188 887.2822258757993,-1
000002,000501,11,0.8342899084091187,0.9872496072323138 0.08233192855460097 -0.13623386715542588 -0.0976365124365784 -0.3627370905128471 -0.9267625988382873 -0.1257192286759031 0.9282474113655015 -0.35007344777115157,-308.7439305375894 68.79365412478342 648.931286290361,-1
000002,000503,11,0.8678982853889465,0.9807724562502487 -0.1323765405216049 0.14339400468773447 0.09940456368034734 -0.2934429174591562 -0.9507943978129966 0.1679408282115278 0.9467669754023905 -0.2746418986735917,-302.52529699754973 54.860125102312395 742.8698012849596,-1
000002,000521,11,0.8969783186912537,0.973833583457682 0.0969048691571903 0.2055665295314335 0.21952996816520445 -0.6350560410021451 -0.7406148917379844 0.05877707722704663 0.7663636676671917 -0.6397124229466988,-402.18087344404967 -84.33489886412254 752.3502798437555,-1
000002,000527,11,0.8722569942474365,0.9600507226150143 -0.27963085232620644 -0.010449709742768931 -0.10221740247073066 -0.31568852323325247 -0.9433410618280884 0.2604884117163861 0.9067234102669501 -0.3316601342268122,-233.41163725774055 111.4520116688331 558.4033086014457,-1
000002,000529,11,0.7781786918640137,0.9823883923413564 -0.1756375567009447 -0.06375339417699694 -0.10375225724407214 -0.22898932552560747 -0.9678839589083431 0.1553979269801402 0.9574525249177893 -0.2431792483309898,-274.69773564554157 114.24722927599298 622.422176720187,-1
000002,000532,11,0.8261974453926086,0.8774577376310598 -0.4789484208579592 -0.026006322866744258 -0.45920195062195324 -0.8231445430842188 -0.33401591239889444 0.13856943103143407 0.30502700101522146 -0.9422085976233101,-127.27438039858862 292.4002885857378 800.2013354959385,-1
000002,000543,11,0.7075698375701904,0.9753174221100579 -0.12849832635218164 0.17956643966309346 0.10000699210681738 -0.46796797580258165 -0.8780686619809306 0.19686169677806328 0.8743535633529054 -0.44356658868059395,-251.8190230795424 114.96562342847294 582.7476137523214,-1
000002,000549,11,0.8192393779754639,0.9649734170743093 0.223044242768579 -0.1381215772706149 0.1821447724503624 -0.9485067066038373 -0.25914920296336647 -0.18881098010692318 0.22491396865320212 -0.9559101006348503,-313.82252264534816 184.2695824604426 849.0780605636835,-1
000002,000560,11,0.8947648406028748,0.8124302323411452 0.5778107314456042 -0.07805047216006258 0.21832891656167955 -0.42560486642811535 -0.8781759401541982 -0.5406381430967631 0.696416008072045 -0.47192705149194625,-370.7888227887725 34.05523928337229 887.8691356158083,-1
000002,000571,11,0.8742506504058838,0.7070771066093833 0.6879725474638596 -0.1635106701258071 0.10788462463034437 -0.33347445065933146 -0.9365659071981143 -0.69885826394003 0.6445840245410561 -0.310013809739474,-419.39232955111 86.87169374636491 981.2080228854182,-1
000002,000575,11,0.895389974117279,0.7744037330213742 0.5970834057658514 -0.20926123587901274 -0.03921720269443818 -0.2848119013432351 -0.9577808683963546 -0.6314751533476068 0.7499157202061465 -0.19714345865971183,-547.4537995184212 157.3857914954708 1032.0200522240734,-1
000002,000589,11,0.5378068685531616,0.6082967568542448 -0.7935727177221819 -0.01474439851734033 -0.45217734357441386 -0.3312203976669641 -0.8281477513869882 0.6523118162034124 0.5104266743190138 -0.5603158971375319,-863.5639318864094 -421.21058688102136 1474.7581246502727,-1
000002,000603,11,0.8100589513778687,0.5538584407404428 0.8270247217965794 -0.0962857058854319 0.22013630901124692 -0.2569816721705245 -0.9410103217411305 -0.8029824612502257 0.49999052961604346 -0.32438963796459075,-444.9886185648763 -98.06435544202013 1085.6673492704567,-1
000002,000650,11,0.37508076429367065,0.9818765001289487 -0.09543472982738663 0.16373988774058823 0.1482357613003613 -0.15159893221464782 -0.9772634868975109 0.11808766898465317 0.9838241591332023 -0.13470458915574723,37.557756424966634 -159.51206960922315 2040.1184407055823,-1
000002,000703,11,0.9045214653015137,0.9333378116612302 0.3253578427050845 -0.15173267121394607 0.05930626248076676 -0.5565849350962226 -0.8286712117930103 -0.35406679674037267 0.7644314777756259 -0.5387775229459602,-361.513881621504 217.04228513150161 973.296154788768,-1
000002,000708,11,0.9362441301345825,0.9902975177278248 0.09328888195823132 -0.1029951983593972 0.030955657958906285 -0.8706375893681317 -0.4909500333227201 -0.13547167092215107 0.48299831519605935 -0.8650780623130658,-377.142411684453 300.64961117439833 973.6150827598777,-1
000002,000711,11,0.844384491443634,0.7306034414883632 0.6810110310530053 0.04942253402530594 0.29620290892715695 -0.2508914445278454 -0.9215841360428367 -0.6152092717347897 0.6879516397588235 -0.3850196012214133,-468.8373952972001 100.42807398991528 1109.8506625630007,-1
000002,000727,11,0.9158045053482056,0.9190216657537011 0.3905551586418974 -0.05353359630638235 -0.03621222973504337 -0.05158640391276581 -0.9980117821694118 -0.3925402556336214 0.9191330213791425 -0.03326614972520647,-412.4070945662317 187.92541817879112 929.4966474367704,-1
000002,000736,11,0.6968952417373657,0.8423685595495847 0.5382976137284289 -0.025512525093315808 0.14170256262927872 -0.2669255837878055 -0.9532424227151426 -0.5199380671067019 0.7993662563392443 -0.30112787084480974,-640.7842971422209 122.77133983784744 1089.8040095294718,-1
000002,000737,11,0.910857617855072,0.7426750626761733 0.6536037135729796 -0.14572555329300568 0.03401298799534802 -0.2541509529585435 -0.9665662986872103 -0.6687876104762787 0.7128881249634305 -0.21098259018116816,-583.0149141045217 174.18547222899787 1114.2161284630579,-1
000002,000739,11,0.7871607542037964,-0.01664069579300831 0.9366398381683138 -0.34989841497148816 -0.19560618706450683 -0.34623451944960193 -0.9175292241250894 -0.9805413335630528 0.053173970112626756 0.18897413070801972,-611.5645643695325 53.705724689424926 1082.3850713221025,-1
000002,000740,11,0.8362388610839844,0.8836139704751734 0.45777122514598245 -0.09834559781426691 -0.03565328500960052 -0.1436496880646314 -0.9889861527781661 -0.4668567172582221 0.8773883248295934 -0.11060982326898539,-531.4208670881978 196.11614936215585 1012.0873208996577,-1
000002,000750,11,0.8786656260490417,0.9992895819173443 -0.012502071981231074 -0.03555319490053434 -0.03553650878947225 -0.6267103571150825 -0.7784415744471397 -0.012549422875775009 0.7791519918994382 -0.6267094107356479,-332.52067245539934 160.88294202523758 723.4370003403192,-1
000002,000754,11,0.9035148024559021,0.9916509991831041 -0.052961483310021554 -0.11757285870792461 -0.1022023331004971 -0.8787776953791824 -0.46615924876898907 -0.07863192054100121 0.4742835052894582 -0.8768535668413389,-276.10242636192476 157.29788535125107 882.6099394268143,-1
000002,000756,11,0.8776129484176636,0.9957527400616368 -0.05033272670404408 -0.07709148644486258 -0.09200658744585012 -0.5745378684196161 -0.8132902468482044 -0.0033568625696558385 0.8169289163534244 -0.5767285991688884,-312.8026600291715 109.7705807390738 761.8833674638106,-1
000002,000757,11,0.9287424087524414,0.9952508648391818 0.07085941292264833 -0.06674323663951542 -0.014052610355479327 -0.5738795423913867 -0.818819146678221 -0.09632362212384774 0.8158683805767389 -0.5701583511587216,-310.3685961391418 50.091008456519354 809.5482443384559,-1
000002,000758,11,0.9291727542877197,0.9961008434432261 0.08772693304889244 0.009332465351052501 0.0642888902290475 -0.6493612290368422 -0.7577578325671599 -0.060415629474589866 0.7554031899863791 -0.6524691351118399,-326.21839580382755 -2.949031844526054 851.3341062781292,-1
000002,000768,11,0.8905442357063293,0.9597978757455716 -0.2766268488751953 -0.047598573462533086 -0.2605281193685617 -0.8148357808457034 -0.517849156870853 0.10446595968337603 0.5094312875501001 -0.8541467242414964,-285.0721602758083 276.56669091595637 862.1698849614064,-1
000002,000769,11,0.902369499206543,0.9845637687567915 -0.15455923846078273 -0.08213176643568593 -0.17499738865367542 -0.8607685599394452 -0.47796799075269547 0.003177926339238836 0.4849628109723437 -0.8745290005242741,-335.6756584528116 233.08860248286356 920.7950375077629,-1
000002,000773,11,0.8048228621482849,0.9455387979311256 0.22067589065326032 0.23928755272966545 0.293366826979811 -0.8962399615846193 -0.33270082068819484 0.14104001713967484 0.38478056414428086 -0.9121686417664499,-469.0850062346585 134.4287231020392 856.444755996501,-1
000002,000775,11,0.8756694197654724,0.9928294285657265 -0.07016311055162212 0.0967825588191064 -0.04659566453726835 -0.9727339658604952 -0.22719479683224125 0.11008437591312988 0.2210560326682669 -0.9690282042339031,-267.87739197482637 311.2634063523301 925.7686394866829,-1
000002,000785,11,0.8649144768714905,0.9533221153096576 -0.29885550646977643 0.043154729917048204 -0.11392549740582103 -0.4883443985839311 -0.8651824833019536 0.2796389198633771 0.8198811710390673 -0.4995967772846934,-75.10512771538147 222.61219489192027 706.5281426087383,-1
000002,000788,11,0.7412947416305542,0.9991670847637143 -0.030053372658085727 -0.027603107010894613 -0.036929539008095126 -0.3782042022900933 -0.9249852920553734 0.017359316617604925 0.9252342277293837 -0.3789990474454803,-370.33734830288734 113.510822078241 644.7794039900969,-1
000002,000791,11,0.7881351113319397,0.9914374409296257 -0.11742211194627973 0.05713010020112211 -5.7178202810662104e-05 -0.4378921446195243 -0.8990275114873666 0.1305825311960525 0.8913262687179085 -0.43414938125009805,-320.3830272706675 47.85585335988573 678.3631161972446,-1
000002,000801,11,0.8540722131729126,0.988018943133935 -0.1469752901805771 0.047083246328575176 0.012634674039839922 -0.22702266314542574 -0.9738075145685956 0.15381460600479113 0.962735152830047 -0.22244570682505227,-331.4758245072547 95.50704234432524 745.1119833977068,-1
000002,000803,11,0.8973401784896851,0.9938155277029558 0.09346753540877904 0.05995428859643129 0.07349836834517716 -0.1489540107728422 -0.9861088644390543 -0.08323873345439728 0.9844168438721947 -0.15490252016547434,-386.39043196955896 127.06810468277126 815.2069296424619,-1
000002,000804,11,0.9167354106903076,0.9729634131014101 0.22321969895883756 0.059288808073537425 0.10230575877518658 -0.1863932395898884 -0.9771341217850392 -0.20706455149901482 0.9567813366866603 -0.20419046324595924,-320.7538976099238 65.1589430490466 889.1276962226603,-1
000002,000808,11,0.5665947198867798,0.8518156067958305 -0.5032870174868392 -0.1453008948639101 -0.33246839487868207 -0.3050609773918238 -0.8924138986364669 0.40481469640545886 0.8084800418698952 -0.4271827284338743,-217.6582603831078 84.7116779248906 623.8371190247449,-1
000002,000819,11,0.8809571862220764,0.9931367298354448 0.1096961627472854 0.04057323909031629 0.11660762257360598 -0.955539705619612 -0.27082565118931556 0.009060806227392252 0.273698050528144 -0.9617729872103933,-458.6382662008582 325.9445709226926 872.9281353672709,-1
000002,000821,11,0.91374671459198,0.9883474240283682 0.1447452575499242 0.04709755655334151 0.14291818088620575 -0.7759667759055244 -0.614369560006812 -0.052380941082295115 0.6139416691409634 -0.7876114929987634,-365.6840522436859 165.07765262418167 836.7887184399486,-1
000002,000828,11,0.9023042917251587,0.9021496149201534 0.4220339990171721 -0.08951746183283113 0.1681514698779403 -0.5350531721100991 -0.8279149631410274 -0.3973048646534635 0.7318506723973779 -0.5536636504541352,-475.438840757811 49.96869668654533 916.2857366972006,-1
000002,000837,11,0.823415219783783,0.9184018783953719 -0.3934839371414697 -0.041332565508331365 -0.33031936769316317 -0.705057672009725 -0.6275211506132807 0.2177776505673653 0.5899695503599103 -0.777501655664786,-255.9389998716522 270.51278786557293 703.0197801949699,-1
000002,000840,11,0.9163417816162109,0.9925924913772173 -0.04957277681384044 -0.1109174731975712 -0.11832592439000815 -0.6015055905755615 -0.7900569600500937 -0.02755216287006953 0.7973290188531397 -0.6029156773677984,-357.051712177207 115.44113202846405 699.3077404236324,-1
000002,000844,11,0.7833102941513062,0.9366990944054953 -0.3441004826094517 -0.06472761704147209 -0.2845651384182438 -0.6404510287755436 -0.7133338361085597 0.20400364834220672 0.6865983815945755 -0.6978289001286626,-140.20959582845646 129.8158621130712 551.4951074261245,-1
000002,000856,11,0.8974211812019348,0.8875657825577066 0.44917443201630836 0.10231965234280657 0.35361370543938087 -0.5219125078242359 -0.7762503987129721 -0.295269925590394 0.7251549239986199 -0.6220659187275892,-441.67883744863155 -64.1536833012276 840.6504641909572,-1
000002,000903,11,0.7991092801094055,0.943022384978022 -0.28483172235256227 -0.171987416318858 -0.21040589924693628 -0.11006179851530584 -0.971398866619508 0.2577559679085072 0.9522380429542024 -0.16372101440651887,-291.8294947345891 124.63783739533794 569.4189121143977,-1
000002,000904,11,0.8341939449310303,0.954664328742323 -0.2432929373875686 -0.1715359030765818 -0.21882768747067952 -0.182885440775147 -0.9584713656383871 0.20181789470511394 0.9525552278843515 -0.22783343742081996,-186.2607438568222 88.68234636970527 558.4810822409104,-1
000002,000907,11,0.7735568881034851,0.8499290245233935 0.5267957064456287 0.010341032016383561 0.3942546203205946 -0.6228227720657336 -0.6757625980714078 -0.3495482050140962 0.5784272454395681 -0.7370467923440256,-482.78619516598525 -2.7646473360762442 800.7674110390317,-1
000002,000909,11,0.8438004851341248,0.7720785910504249 0.635021472787697 0.025345183766052354 0.37682741143544995 -0.42531585590440635 -0.8228654353581519 -0.5117575121407101 0.6448675459463338 -0.5676707645745944,-450.8742812375667 -90.09354590136805 868.4733595183765,-1
000002,001050,11,0.816236138343811,0.9163246249799999 0.07683907441843568 0.3929948324059499 0.3718018186424855 -0.5277102921609222 -0.7637311406519806 0.148703023874442 0.8459418444491046 -0.5121228431740228,-186.54350185866159 -20.84354175844689 718.1745787585328,-1
000002,001071,11,0.8684201240539551,0.9004917136540652 0.42005785133025886 -0.1125436589780664 0.055221527513707014 -0.367153124486554 -0.9285198792049713 -0.4313528214112179 0.8299096244263996 -0.3538145824369239,-427.804492033738 56.35005117212873 997.716014197627,-1
000002,001098,11,0.9009525179862976,0.8927312830045664 0.3583505574832966 -0.27315880783242436 -0.07517979609953032 -0.4792688612577125 -0.8744423119263893 -0.4442734007381646 0.8011780305151572 -0.40091758357098795,-470.6452435581672 10.95027255863501 937.7514759226827,-1
000002,001099,11,0.7675397992134094,0.9808170915671133 -0.17283137578304483 0.09015069847077653 -0.12611923195321564 -0.915278340767101 -0.38256959922889006 0.1486330118828247 0.36386106478649577 -0.9195180005367363,-446.2982539886568 162.758759701967 760.4616996261993,-1
000002,001103,11,0.8296312093734741,0.986040218456607 0.13267854254632647 -0.10060363777632104 0.09223123722034891 -0.9382573538036321 -0.33341646167250055 -0.13862931315869056 0.31948324272360346 -0.9373965922446919,-485.7651556027894 235.49135295939965 831.5372700745523,-1
000002,001107,11,0.8693332672119141,0.9965948361495109 0.05914088557576578 0.05745509736693123 0.08228964806740863 -0.7574153561253543 -0.6477270969524471 0.005210218908203491 0.650249439798926 -0.7597029153952957,-342.8753197453335 150.83864324472293 692.1569869918529,-1
000002,001117,11,0.931419849395752,0.8351670039805055 0.5408891884229998 -0.09967427606627 0.03724205626336047 -0.23642664394147994 -0.9709353589605467 -0.5487340928970089 0.8071810998045466 -0.2175995574692644,-369.83360354479896 158.65842288292507 848.2389900064603,-1
000002,001131,11,0.8009015917778015,0.9690205850009571 0.024331907942837017 0.2457784858368695 0.21481155772608926 -0.5741183108244874 -0.7900912351389104 0.12188150192582127 0.8184107302766133 -0.5615592364625548,-285.004442043327 -37.02672524150803 572.2763279181102,-1
