scene_id,im_id,obj_id,score,R,t,time
000002,000003,6,0.8132659792900085,0.23322925750427415 -0.9635638253617972 -0.1309536860807854 -0.9364912139676033 -0.1862966909683641 -0.2971157166757131 0.26189371814820184 0.19193305444445402 -0.9458188954583919,114.30545276012595 -320.55941589484536 1236.1780032751783,-1
000002,000008,6,0.8518944978713989,0.23973789771078902 -0.9706093735718422 0.021051943750811077 -0.9640777949921089 -0.2405671042125237 -0.11261204897325199 0.11436671545674729 0.0067016643661720054 -0.9934159964940965,-84.02776226086173 -237.80709162451808 1173.680319630824,-1
000002,000017,6,0.8099198341369629,0.3573755041916242 -0.9189268503494424 -0.16690174567881488 -0.7120342331864166 -0.1524268427675468 -0.6854001082393766 0.6043922565473635 0.36378496575693026 -0.7087809950293638,100.3612081590305 -133.49818075184604 1345.1177197554389,-1
000002,000036,6,0.8731340765953064,0.26500346520020945 -0.9638746342770971 -0.026811430940439668 -0.9160910281668752 -0.2429939494561293 -0.31895323895497596 0.3009159210544352 0.10908542489675166 -0.9473911433674356,116.55856066773845 -210.68899929858057 1241.3862176156138,-1
000002,000038,6,0.8035379648208618,-0.01193346979415022 -0.9988576315666255 0.04627120227294207 -0.9852887869187874 0.003856693931108879 -0.17085412574481887 0.17048049351986502 -0.04762937930556264 -0.9842092478513857,52.29344441241425 -230.92006859147003 1189.8572961965594,-1
000002,000039,6,0.8344882726669312,-0.07882335234162152 -0.9952791246125284 0.05662458155384768 -0.9517352847194226 0.05823029420179504 -0.3013456166218657 0.2966257354742989 -0.0776446839628578 -0.9518321680352271,71.2524441646254 -166.67047839272826 1192.27415829597,-1
000002,000041,6,0.8510119318962097,-0.10831069668983329 -0.9924769057841577 0.05708226053396545 -0.909117352354934 0.07565471146972513 -0.40961201676658343 0.4022119250217704 -0.0962598364715895 -0.910472191367065,104.06465734187898 -197.200432739336 1245.108783700137,-1
000002,000047,6,0.8487980961799622,-0.15304948839739518 -0.9845760009359924 0.08476999753559175 -0.8371665915408956 0.08359730962359113 -0.5405215886821698 0.5250980404734863 -0.15369316251735474 -0.8370486602858398,57.25465130846848 -242.74266811940691 1249.138181224325,-1
000002,000058,6,0.7632886171340942,-0.46419522396159163 -0.8606354487204189 -0.2093547669795245 -0.3927396328284211 0.41185229289195213 -0.8222732329617928 0.7939007336292395 -0.2994733932179032 -0.5291855174676554,-16.836161272189454 -79.96776997201898 1328.712389021704,-1
000002,000061,6,0.7464857697486877,-0.31994599196872775 -0.9297545470293457 -0.1821840950835258 -0.5859364132243817 0.34528450747878026 -0.7331146762634635 0.7445220492912843 -0.12780880710417558 -0.6552494387221666,87.97980967850597 -173.64720547137662 1344.4917724468123,-1
000002,000062,6,0.7933091521263123,-0.5509489242700667 -0.8344758277659966 0.010265267649279375 -0.64133089628645 0.4154933915917749 -0.6450270715341975 0.5339943485787797 -0.36196040448896993 -0.764090767689354,-225.41746367813224 -213.44601985627617 1322.9965670150555,-1
000002,000064,6,0.7566601634025574,-0.5520889935271276 -0.8337694598439314 0.0051216264762666275 -0.49110775229531844 0.32021575113123146 -0.8101080473386877 0.6738033235756884 -0.44976700697029814 -0.5862582371100098,-220.57057896792992 -120.396246186694 1394.9931569208434,-1
000002,000065,6,0.4792540669441223,-0.02107330948758923 -0.7972253903752488 -0.603313842513391 -0.2914714713188914 0.5821328966693069 -0.7590557766215884 0.9563473725767437 0.15985295604534294 -0.24463592419987057,112.7600698871863 79.16051776138782 1476.2471565403202,-1
000002,000069,6,0.39575228095054626,0.19110502679614805 -0.9152497700009636 -0.3546783433569451 -0.24710954186956874 0.3048401636728111 -0.9197876651319836 0.9499556532019038 0.2634204493298067 -0.1679104637139317,21.962482385416784 149.4562587046793 1787.2896549098496,-1
000002,000072,6,0.5412170886993408,0.14341041454888426 -0.9785884783063054 -0.14764160363890427 0.17186857323614146 0.17154330631779446 -0.9700691148528195 0.9746253877940438 0.11374306213439783 0.19278970222395242,2.1817566344147252 12.539817096346322 1367.8463085194703,-1
000002,000079,6,0.8494199514389038,0.7474638898366286 -0.5484471265321429 -0.37483794203486415 -0.6118819707675738 -0.3487145769373461 -0.7099285863247079 0.2586468388360594 0.7600025613312392 -0.5962364627646235,459.0790030146918 -109.62876429905141 1213.191212884344,-1
000002,000089,6,0.8076456189155579,0.26127056606959165 -0.6326749174495145 -0.7290131275470457 -0.7384268891789434 0.3553984766282451 -0.5730773526739923 0.621661821767417 0.6880511402799743 -0.37432900998485774,146.89941447618136 -192.88699537587658 1264.0748110566276,-1
000002,000096,6,0.8413214087486267,0.6809618251112843 -0.6832090327073634 -0.2636596487295273 -0.3488115763914444 0.013971007788262324 -0.9370887338543219 0.6439110784234299 0.7300891922008226 -0.22879749674139016,345.89434007204113 92.02287037997564 1317.5899942441329,-1
000002,000097,6,0.8331425189971924,0.7261246160950259 -0.5900106025267596 -0.35303049557631905 -0.6811837430149376 -0.5475385689820285 -0.48599405729830913 0.0934438342161259 0.593370882655294 -0.7994868638469719,507.5062046812302 -281.4479880766502 1084.1932342829514,-1
000002,000102,6,0.8138693571090698,0.8431107121252284 -0.4254970928309468 -0.32881081352671915 -0.5373761551072405 -0.689166536582646 -0.4860826604363086 -0.019778650657949648 0.5865165887228538 -0.8096956811858749,455.27020661374866 -236.01978292308598 1077.204841382611,-1
000002,000107,6,0.8626858592033386,0.8938384731802376 -0.38294279805358955 -0.23325436176352532 -0.44456098212222606 -0.8246882759227576 -0.34964951126817156 -0.05846637527112121 0.41622597345004453 -0.9073795357997771,325.27043411755125 -132.98808893751067 1085.9933595207326,-1
000002,000110,6,0.8253821730613708,0.8365366406942363 -0.41983423668626063 -0.35205917468810144 -0.5374910354640074 -0.5040856984576083 -0.6760184874737779 0.10634771070329323 0.7547428849062244 -0.6473432954094749,420.61950541251525 -112.13783270248715 1143.7585233842776,-1
000002,000115,6,0.8274972438812256,0.7333893660803242 -0.5575546998848642 -0.3889380340833219 -0.5244383944005682 -0.09998693479680476 -0.8455572028836924 0.43255567063541583 0.8240966991234941 -0.3657324463250522,307.78967099556587 -123.14719648188338 1262.846453793044,-1
000002,000119,6,0.7820194363594055,0.3285608620787477 -0.8787568032008474 -0.34617082594912224 -0.8783777822865083 -0.1495916900216021 -0.45395462092803596 0.34713143259507034 0.4532204839862255 -0.8210304265980564,328.94427129380784 -319.720681961213 1094.1494176797635,-1
000002,000124,6,0.8295130133628845,0.3743525740499517 -0.905114108226279 -0.20156537746330078 -0.9162208215872683 -0.39452197885059115 0.06994150623031063 -0.1428270156242381 0.1584956128527258 -0.9769747101713084,176.75937752762434 -302.32576459600557 1006.6316308003987,-1
000002,000126,6,0.8121369481086731,0.19411237061728226 -0.9743375734941122 -0.1139591174542194 -0.9768303646454577 -0.1813098016106287 -0.11370661610714221 0.09012672345071264 0.1333905870649063 -0.9869570026108123,191.9889168856999 -352.39864216138136 1085.263084108424,-1
000002,000136,6,0.6997595429420471,0.6232263208884133 -0.7360414051160411 0.2642574557258439 -0.5264926401166345 -0.6447543922477734 -0.5541635801640349 0.5782684954715314 0.2062397237003786 -0.7893482903719267,85.90170113198016 -122.91672293675569 1257.9979305383401,-1
000002,000153,6,0.8011948466300964,0.8032876729787648 -0.4311279930962664 -0.41092282488217513 -0.5782026603259186 -0.3989983982738383 -0.7116754609841078 0.1428656642877899 0.8092767955055289 -0.5697898474208816,567.9445257795616 -238.72928024229688 1106.9990510040982,-1
000002,000156,6,0.8459051847457886,0.8172497775132701 -0.54341792646099 -0.191832631101564 -0.4816336179130649 -0.46128681461550713 -0.7451466518463666 0.3164361851155496 0.7013639795874299 -0.6387148885745508,248.8749692543502 -92.07470680335003 1168.5965573781623,-1
000002,000162,6,0.8479577898979187,-0.39459111414336534 -0.9122727215190354 0.10980133975207435 -0.8936909969301234 0.35325844035809706 -0.2766313003291692 0.2135749391785935 -0.2072847217911093 -0.9546825595279524,-47.58980982364042 -253.27837373510778 1177.482224169028,-1
000002,000166,6,0.8453422784805298,-0.7024426323988342 -0.6888650925889326 0.178995062504635 -0.6791463690901578 0.5734981401384391 -0.45810489258400916 0.21291913380495456 -0.4433562534465851 -0.8706897696594098,-222.46159447566137 -188.6432913242256 1108.328343972228,-1
000002,000175,6,0.8077971935272217,-0.539484355139561 -0.8276224729223565 0.15491182289785324 -0.8399354517959667 0.5418400735706037 -0.0302947435920528 -0.05886482290772566 -0.14645947216512206 -0.9874636983895442,-133.58499684483314 -224.3243337238936 1019.9928978679247,-1
000002,000176,6,0.8120999932289124,-0.5102742253664778 -0.8472230314663869 0.14776112438509315 -0.8598167294943333 0.4989134609762971 -0.1086303370993641 0.018314109541822818 -0.1824787478298735 -0.9830392158922918,-160.475138191871 -314.1778656270236 1065.0395922662601,-1
000002,000203,6,0.8587573766708374,0.30890088098479385 -0.9118336485107282 -0.27044341953619805 -0.949902220141058 -0.31001031240168286 -0.039741393731227176 -0.047602708934549834 0.26917095617511366 -0.9619152657349128,304.977152669584 -335.7228049246607 965.9930558708896,-1
000002,000207,6,0.9201623201370239,0.5442130011721642 -0.5351297888336849 -0.646117882787655 -0.8378294195268342 -0.3069278670909432 -0.45148327563524693 0.04329056629929906 0.7870396390943852 -0.615381616042977,397.5114888155399 -323.07332586963435 965.946691514924,-1
000002,000221,6,0.7811341285705566,0.6028525996198179 -0.7164657564209282 -0.3510634743288095 -0.5215610788549612 -0.020911221743184383 -0.8529576553550924 0.6037737855813852 0.6973087843139469 -0.3862870372706404,210.79549068015484 -17.655757843991076 1108.652575566374,-1
000002,000224,6,0.7522032260894775,0.3983772100371574 -0.7606532193168254 0.5125449038532722 -0.2240910679411809 -0.6225831210586625 -0.7497822688233138 0.8894261024908093 0.1838394335168722 -0.41847851903318056,240.0249260481659 -71.17174417701712 1121.5138190535467,-1
000002,000243,6,0.7605265974998474,-0.4724965747385941 -0.880918922009363 0.026997031432324264 -0.7325226032787695 0.37550014979500657 -0.5678118290328427 0.49005879498891824 -0.2880650800596793 -0.8227155566197955,-95.2189640079719 -320.9791666657053 1150.7033435839621,-1
000002,000248,6,0.65907883644104,-0.07963431611602423 -0.9559884622949708 0.2823905728873231 -0.5817170300622094 -0.18548096428018024 -0.7919609263248392 0.8094835839177568 -0.22733867213607095 -0.5413441193169761,95.31250527190176 -58.321253826999715 1274.94467839541,-1
000002,000249,6,0.8277873396873474,-0.41955242829310957 -0.9071498343943435 0.03247980713721638 -0.8116830278940655 0.35889993222946304 -0.4608269749856322 0.4063821134622895 -0.219704384580741 -0.8868954624159047,-116.64413696552923 -175.9903342829413 1105.7822902942266,-1
000002,000254,6,0.8414493799209595,-0.6683818447128209 -0.7021733823298315 0.24539407247480768 -0.732301424000833 0.5633601874236692 -0.38257015517721793 0.1303853291771704 -0.43540537476408425 -0.8907422890836096,-217.82491067645518 -306.0249600647342 1007.3653149407477,-1
000002,000258,6,0.7878076434135437,0.7266399863899399 -0.5122541197128824 -0.4578100556086641 -0.588604302617909 -0.12051786764194827 -0.7993875271223108 0.35431526232849914 0.8503359103414474 -0.3890880805998418,411.11725516092093 -48.588084072722204 1071.8558139092193,-1
000002,000263,6,0.8843559622764587,0.8719042408024579 -0.38963648561808795 -0.29659130794053135 -0.42904724239392034 -0.31594983594015824 -0.8462234722362407 0.23601156468457665 0.8650775168992504 -0.44265046152756393,357.94580195698495 -60.98191995680239 1040.8026777350703,-1
000002,000266,6,0.8203945159912109,-0.18891058388613935 -0.9819340612029414 0.010876154894821632 -0.9565130253704032 0.18149065727341585 -0.22835054985530928 0.22225126229687991 -0.053541019526730405 -0.9735182256308721,42.98064907016855 -352.9407937661758 954.1820839490878,-1
000002,000268,6,0.7823701500892639,-0.017956031554464014 -0.9939664586047657 -0.10820471385071953 -0.9966613610076672 0.02641484963823093 -0.07725533763394181 0.07964742560283916 0.10645625809359748 -0.9911222693026074,87.95039554685425 -394.07883020328603 901.7428355650158,-1
000002,000277,6,0.7088316679000854,0.3835529959558457 -0.9128712831244933 -0.13983247026329845 -0.7215527689300613 -0.20171446999801312 -0.662323843933451 0.5764101846278019 0.35493280073848055 -0.7360529913105995,238.97226156528149 -182.08828638991042 1010.1800792811958,-1
000002,000307,6,0.851801335811615,-0.7419784192212167 -0.640318456243091 0.19864616785744735 -0.6695587328034791 0.7227924942310711 -0.1710617245611255 -0.03404597974186768 -0.2599293844060187 -0.9650272464473346,-330.45839302436656 -247.49983546331555 837.5904356169519,-1
000002,000310,6,0.8446896076202393,-0.7530511296377065 -0.6418935377819724 0.14452225539728564 -0.6515133076649012 0.6967826857806882 -0.30004049515322195 0.09189344964095306 -0.32010400645726766 -0.9429151706082004,-270.1329179297097 -281.83555782010114 910.9345141786182,-1
000002,000322,6,0.718273401260376,-0.5644350751306513 -0.8254010508192193 0.011231708186410172 -0.5467647835783567 0.36363201780690924 -0.7542015825123867 0.6184345700239995 -0.4318389293847928 -0.6565468922072719,-182.2636285694768 -94.38513718688657 1123.0350424131989,-1
000002,000326,6,0.5509335994720459,-0.6272476734619405 -0.6541053431008232 -0.42273698237028834 -0.25724391408410335 0.6863316125412976 -0.6802753018397425 0.735109464503943 -0.3179545844195621 -0.5987645258724923,-176.80969371529497 -110.4515180459387 1051.3541488644921,-1
000002,000342,6,0.9413243532180786,0.6706733460012918 -0.7245935431094053 -0.15862364340661855 -0.7221809702815523 -0.5890706615467523 -0.3625608940137753 0.1692687482278621 0.3577149046224251 -0.9183616596332529,196.2395607302951 -288.66169608123334 790.6976125170218,-1
000002,000356,6,0.7661598324775696,0.6940585945852359 -0.6780370619555119 -0.24196778689962925 -0.46921657752979373 -0.17113666252620496 -0.8663417605717845 0.5460022624986037 0.7148272416144541 -0.4369251011240678,224.27856002277565 -78.19910809550856 942.6397565890404,-1
000002,000365,6,0.7587464451789856,-0.23114506793575007 -0.8805519064233713 -0.4137635770136662 -0.49038691554204883 0.4727519367515568 -0.7321381559260571 0.8402931813564437 0.03367412050549362 -0.5410854119028239,-82.94122418443371 -212.9603714980872 1060.391411880373,-1
000002,000368,6,0.8965693712234497,-0.7786476043908277 -0.6261013816362481 0.04129125923978039 -0.5996360869377818 0.7231251790740066 -0.34282143840654244 0.1847822270089047 -0.29169682086434734 -0.9384926708713621,-250.77663001469816 -258.41113926071125 858.9148653015534,-1
000002,000387,6,0.9068752527236938,0.35285758793758015 -0.7275991800547545 -0.5882949564789094 -0.8694731905114768 -0.02267814563563486 -0.49345929182894355 0.34569913742540104 0.6856275482316752 -0.6406301362636291,55.315591852134354 -309.7005182413192 886.7115240172797,-1
000002,000389,6,0.9111952781677246,0.7471563741929002 -0.4358302891611855 -0.5018060497369439 -0.6059897545889662 -0.13657510301180054 -0.7836604229961601 0.2730087358238256 0.8896062051756346 -0.3661516487425436,347.16281701841876 -161.8750002961865 857.7686103683814,-1
000002,000402,6,0.8292710781097412,0.15842972342211004 -0.9698531570216481 -0.18516175779986543 -0.9867804340628766 -0.1620070317874105 0.004254010121500229 -0.034123271928034646 0.1820400380866123 -0.9826988485015895,222.08023699657386 -268.53798241024725 1107.1796490106176,-1
000002,000415,6,0.8144126534461975,0.30144309497655286 -0.8821610154593698 -0.3618342207346491 -0.8234937904289799 -0.04958784818291928 -0.5651539811745994 0.4806142295187156 0.46832999916328405 -0.7414020328188009,381.13151756621136 -248.20463592469525 1200.6422513299804,-1
000002,000417,6,0.7762660980224609,0.5269201006365758 -0.755268689040582 -0.3897748258931835 -0.7426238952304918 -0.18608940341648972 -0.6433354367425961 0.41335814710470214 0.6284424725390669 -0.658934822976561,461.92031801469324 -179.59362313087635 1189.563925610861,-1
000002,000428,6,0.8201200366020203,0.6921734884879873 -0.49084136997712646 -0.529122491823347 -0.6611087836736295 -0.13709078372801775 -0.737659334087499 0.28953590102773846 0.8603957615747627 -0.41939014709485045,431.4278558699043 -156.6831236817603 1164.9953899335549,-1
000002,000434,6,0.8165556192398071,0.6365533443045555 -0.5567968471768022 -0.5336451169350834 -0.6614463425028404 -0.038324444712752204 -0.7490126653983058 0.39659623780906106 0.8297641278769721 -0.39268679153272634,484.73095670415177 -200.33439705928873 1205.038911040927,-1
000002,000435,6,0.8333871960639954,0.6309871768006786 -0.5561781862091137 -0.5408521127796854 -0.6716408997033041 -0.042717616970642025 -0.7396443111699607 0.388270118034913 0.8299644753755968 -0.40050628591279924,490.6742508400281 -190.12233237322658 1157.7734287828357,-1
000002,000438,6,0.6639993786811829,0.44574571842557364 -0.7961194852338396 -0.40927316029306826 -0.6869195010376843 -0.011045149594792525 -0.7266495742547211 0.5739794017204868 0.6050386515764387 -0.551793327704456,261.27824386132403 -165.685720587496 1286.30576971502,-1
000002,000442,6,0.702307939529419,0.6555767468829677 -0.5932888539130097 -0.46714822569387204 -0.5497026596449359 0.04919615391683496 -0.8339105014442946 0.5177317016811208 0.8034849558407292 -0.2938806063897248,388.84857317435257 -7.379755419313692 1208.6605824502124,-1
000002,000446,6,0.8219388723373413,-0.17907651856644735 -0.9837982915479135 -0.008515987642517597 -0.8216033509511596 0.15430323942422985 -0.5487790484420981 0.541201934774763 -0.09127667747346754 -0.8359240599154076,0.312560665403381 -253.27717145163257 1197.532328301613,-1
000002,000453,6,0.8680858612060547,0.07472840563439342 -0.9800672836192911 0.18407548715254188 -0.9868984998197231 -0.09915455670709594 -0.12727814006261787 0.1429930643245386 -0.17215252964543784 -0.9746365938603758,-41.88650981648579 -265.267947354162 1199.467919449365,-1
000002,000473,6,0.7020897269248962,-0.15901676690571986 -0.9136114195042191 -0.3742029422577252 -0.5556701641840516 0.39611361807725554 -0.73097515019966 0.8160541259490829 0.09169610528933264 -0.5706553143503061,-96.32580669970821 -197.6404717341753 1414.6407511667985,-1
000002,000474,6,0.7785845398902893,0.045099179045272386 -0.9384251190346753 -0.3425264369566204 -0.8540638387633768 0.14164266237034673 -0.5005120533148073 0.5182094396730024 0.31511212633187435 -0.7950869917640442,118.56155962745282 -265.8665104545017 1150.602095218411,-1
000002,000476,6,0.8548457622528076,-0.2437834455814063 -0.9660947271111947 -0.08503299305801298 -0.8713628354190758 0.25668240611484117 -0.41813987066713065 0.42578919750374916 -0.027840988470995864 -0.9043939620818309,151.72309859837196 -368.96208924786305 1140.8817300365324,-1
000002,000477,6,0.866093635559082,-0.4742777841635113 -0.8802139127655348 -0.0168538192389045 -0.7508290491433267 0.4144102964645616 -0.5143149279835091 0.45969155138144335 -0.2312738073326543 -0.8574357723062298,-49.063789463073455 -376.6118076695394 1268.8377203427408,-1
000002,000480,6,0.8746616244316101,-0.4264904805507659 -0.8986769921802454 -0.1023988951378087 -0.6158104698911347 0.3714233205548174 -0.6948540725364521 0.6624827055644824 -0.23329033557758116 -0.7118232113060539,-95.35297461574866 -353.7535073352062 1341.6617340857974,-1
000002,000491,6,0.8680446147918701,-0.3465579929158933 -0.9029963494924903 0.2539589540641255 -0.8731186324264771 0.21156869870946915 -0.4392067160644295 0.34287229584179957 -0.37394689265939685 -0.8617437613435652,-193.90872211361955 -296.11356798478374 1258.3752553564925,-1
000002,000503,6,0.77882981300354,-0.1292185255717273 -0.9798763863780595 0.15213428301255588 -0.43505767560590874 -0.08184452454032698 -0.8966751321962441 0.8910821463509706 -0.1820542260466465 -0.41572691425153563,29.083276734886304 -51.2876258948501 1452.2779978582284,-1
000002,000521,6,0.5853258371353149,0.026793159020775392 -0.9704831311751021 0.23967607042476533 -0.7654185027753357 -0.1741333365441693 -0.6195257030286625 0.6429748379515725 -0.16685344829689516 -0.7474913274096124,92.45274684113018 -358.05716504298323 1251.8123453266082,-1
000002,000527,6,0.699126660823822,-0.2659824303009941 -0.9608739065065672 0.07729607083148277 -0.45599736720502215 0.054768504312697086 -0.8882943273698409 0.849305450278794 -0.2715174888108662 -0.4527234314640409,-29.824461395093387 -109.26660584212647 1300.9169261090474,-1
000002,000529,6,0.6565641760826111,-0.23106255650245666 -0.9720347948685177 -0.04193390689486798 -0.3578059114828087 0.1249759554156199 -0.9253950185061023 0.9047568870644231 -0.1988199389721047 -0.37667705953060526,25.817438998390376 -45.72122650178443 1317.343739038863,-1
000002,000532,6,0.7433590292930603,-0.4928669082477204 -0.8665330414402074 0.07875721456931954 -0.8663662070085288 0.4803531235545909 -0.13663993576185238 0.08057174509708069 -0.13557789194308942 -0.9874851032336032,-74.52385820377732 -450.3471236377748 1084.978129427748,-1
000002,000535,6,0.8524899482727051,-0.6580005163485223 -0.7528375712681477 0.016459397685083893 -0.750471781408895 0.6574151643625392 0.06780418110364071 -0.061866192658338315 0.032262872675141926 -0.9975628708270521,-109.79765648595507 -314.3497755509672 1066.6125339468704,-1
000002,000540,6,0.8289685249328613,0.33568941288534104 -0.9312520511821045 0.1417118034809319 -0.76323068472315 -0.35706784666796976 -0.5384992801972266 0.5520792877601248 0.07260971040448178 -0.8306240364817594,146.83479004703509 -258.28595740218793 1152.587277444561,-1
000002,000543,6,0.8415524959564209,-0.12042583832607456 -0.9727049838843947 0.19834977133821408 -0.6476104598314946 -0.07445686726533474 -0.75832504062168 0.752395049013683 -0.2197753153643328 -0.6209673912341982,42.844902395940174 -132.89185126898116 1253.824497229885,-1
000002,000549,6,0.8781303763389587,0.19517232808796736 -0.966133960004201 -0.16879850021645382 -0.9799676193131653 -0.18514696322574875 -0.0733762025861989 0.03963871146253754 0.1797380686857538 -0.9829155605741045,274.4694383858308 -356.01086516482934 944.6725408034531,-1
000002,000560,6,0.5952671766281128,0.5593720772396841 -0.8132274046724883 -0.16051189206476188 -0.5488688594712638 -0.21827048429870755 -0.8069082790421238 0.6211649171574929 0.539461939318852 -0.5684496122956446,388.6637958543746 -106.3170348627113 1188.377474570063,-1
000002,000563,6,0.6438128352165222,-0.022855876367087857 -0.9646913252787961 -0.26238951169460384 -0.5803265102607165 0.22651549339962185 -0.7822479611597237 0.8140631120521991 0.13439262696206983 -0.5650131603902011,47.031936012597086 -186.80432999092807 1210.1463015197185,-1
000002,000571,6,0.6754354238510132,0.6191189969193509 -0.7451610584451398 -0.2478440328724812 -0.5464277435738452 -0.1821073064556067 -0.8174678281059627 0.5640109827887865 0.6415387173915558 -0.5199227686697561,345.39052539173304 -37.09776388453248 1142.7721560308894,-1
000002,000575,6,0.7516375184059143,0.5584329664296165 -0.7305152392287929 -0.39306501658010495 -0.49319294551807424 0.08862356337625132 -0.8653938886459167 0.6670182459991815 0.6771213696738532 -0.3107946431893258,202.38023478287556 -6.239100852922288 1228.8944122959642,-1
000002,000589,6,0.9014126062393188,0.3056268950828669 -0.9429520520150116 -0.1320364669426017 -0.9376705710628006 -0.27397797525912826 -0.21379889905158478 0.16542702670593937 0.18914940304845512 -0.9679134269972938,154.16279969976765 -331.28205152882356 925.2088998592878,-1
000002,000603,6,0.7934225797653198,0.8373549574943585 -0.45246272732817044 -0.306780305004045 -0.4376019665199317 -0.21846302795331796 -0.8722261314105174 0.3276296599172757 0.864610539952077 -0.38092967874171846,335.95471813295563 -121.65045224142013 1040.9627642513942,-1
000002,000607,6,0.46348387002944946,-0.1367477487678872 -0.9439228515750453 -0.30051572917461405 -0.37719145346162647 0.3301286006035241 -0.8652986273530455 0.9159839849268221 -0.004975674627018756 -0.40118397527765937,-16.613631834286537 -134.48052960375773 1058.0663118287753,-1
000002,000615,6,0.7918878793716431,-0.2055962275976042 -0.9455262659970542 0.25240893705909434 -0.9472912040638815 0.12752317255313195 -0.2939000087873182 0.24570218945063493 -0.29952949900076936 -0.9219069981985777,-119.27663098656488 -369.898605337552 945.1084813036871,-1
000002,000642,6,0.8148329854011536,-0.3608766715269982 -0.9050323973902286 0.22513193381146585 -0.8925072633067368 0.26511359913907395 -0.3648911680162258 0.27055279132234805 -0.3326125963123191 -0.9034213014325398,-91.90653635357658 -366.58431457292437 987.7340335667452,-1
000002,000649,6,0.8623587489128113,-0.3926141047960112 -0.9104601283761444 0.13006352045259117 -0.7698265032611302 0.24795337220881408 -0.5881209740240683 0.5032110090130861 -0.33103093488006835 -0.7982463282474028,-70.4694156557276 -285.5978735667732 968.9525134494888,-1
000002,000652,6,0.9178469181060791,0.3089320670208301 -0.944733819961439 -0.10972231945828065 -0.9258180357415562 -0.27230243976745205 -0.26213039883298567 0.21776579773206844 0.18256338821834178 -0.9587745650674904,158.3424008949634 -346.0881635982727 892.2632786058564,-1
000002,000667,6,0.781816303730011,0.706647658518285 -0.6635764065770857 -0.24559201808053055 -0.5141123253058963 -0.24304716264011006 -0.8225670755027558 0.4861456609692094 0.7075269813702051 -0.5129015177926228,245.85042274388374 -118.4415159074024 954.584342209305,-1
000002,000669,6,0.898020327091217,0.739594424996588 -0.6301669627196408 -0.23640999473514018 -0.6108914651510414 -0.48107902699874483 -0.6287881897646892 0.28250965349803575 0.6094690877137605 -0.7407669854966379,248.45813169263806 -230.99858894227586 885.844577734583,-1
000002,000679,6,0.8155196905136108,-0.41625884521428236 -0.9064680571597566 0.07102277895075831 -0.6964724953861164 0.2676610491463337 -0.6657954835687308 0.5845123069290399 -0.3266086712242958 -0.7427463489843564,-246.85054994047405 -273.9237286575904 991.0679081672481,-1
000002,000703,6,0.6176629066467285,0.2730359499974411 -0.9315621042913558 -0.24009043266497723 -0.6940728275009371 -0.017946517919589677 -0.719681063124087 0.6661188183303706 0.36313904822095744 -0.6514719882875455,263.2934849013149 -86.84946235532483 1336.3055371274736,-1
000002,000708,6,0.8840212821960449,0.09725270134644282 -0.9874973751800906 -0.12405984883615966 -0.9537670878567452 -0.056854701308810096 -0.29512011971458246 0.2843769579309883 0.14702542960834075 -0.947371769078222,133.36441896874433 -248.52461583682935 1257.2981694408386,-1
000002,000711,6,0.8622337579727173,0.6833702956970233 -0.7238991959377191 -0.09473644008345827 -0.4367632832022409 -0.3013868154901722 -0.8475870585934476 0.5850152762153841 0.6205932174697183 -0.5221313867459236,297.7405556302623 114.17953158735024 1319.4381933647364,-1
000002,000727,6,0.8172709941864014,0.37951131961118 -0.9158983151657694 -0.13077245338176519 -0.328754724030077 -0.0013787119302262063 -0.9444143320499333 0.8648071980013168 0.40140799123823967 -0.301629134625939,238.13330446210932 176.592521237204 1312.7432675673208,-1
000002,000736,6,0.9132817387580872,0.6350408360492834 -0.7560437410481899 -0.15849605096558284 -0.46720063012795515 -0.21250742876600537 -0.8582331640803117 0.6151802238026421 0.6190625609266959 -0.4881750074522586,113.81191401119762 74.13404002566212 1337.7487432761059,-1
000002,000737,6,0.8346245884895325,0.633878115985446 -0.7208286988449768 -0.2803649781912845 -0.46747551642160623 -0.06828057513119168 -0.8813650802057604 0.616169762014572 0.689741799502692 -0.3802513305666324,182.1663457145455 80.3148919018596 1302.6424753076358,-1
000002,000739,6,0.8404848575592041,0.5273652451445554 -0.8219982044405341 -0.2149531346832631 -0.5122482221719542 -0.10576334408747567 -0.8523003425607116 0.6778551888827695 0.5595829401831085 -0.47684303073520184,101.68449793188847 -63.5945588639491 1362.7314994768253,-1
000002,000740,6,0.8302949070930481,0.4187434373258332 -0.8906525293641399 -0.1771778926215299 -0.3656231492098619 0.013239331535219279 -0.9306688094388702 0.83124824598817 0.454491795347024 -0.3200992994428917,157.7320011126721 135.50932925520408 1403.0451451489662,-1
000002,000750,6,0.5783998370170593,-0.15398818746138043 -0.9849132267005682 -0.07895298596401451 -0.8738666203501673 0.17304624186683315 -0.4543260151185955 0.4611342190297046 -0.0009664605737366994 -0.8873298698870808,80.6763790422696 -265.3105424066319 1286.1891677855508,-1
000002,000754,6,0.8836637735366821,-0.08582168881716679 -0.9920954180558303 -0.09154954506274995 -0.963258256863659 0.10609540673677975 -0.2467332471584291 0.25449591020791384 0.06701079123532572 -0.9647493900207766,112.73806784834737 -447.2609717357749 1172.726133567252,-1
000002,000761,6,0.6714264750480652,0.3579110940199063 -0.9326794236778422 -0.044818985100536 -0.4592553362123622 -0.1340391290855134 -0.8781332746425609 0.8130093387765875 0.3348769990936452 -0.4763120936319911,231.3548347207848 -44.59055784628799 1479.530909784245,-1
000002,000762,6,0.686651885509491,0.12350885151584101 -0.9901230143171358 -0.06634741982011805 -0.5893581277155995 -0.019397774490708564 -0.8076389810059759 0.7983749500659457 0.138852954107418 -0.5859328427753836,-71.78343425999286 -157.64834559229 1330.527810382131,-1
000002,000764,6,0.8637681603431702,-0.24098063923409407 -0.9682303797648206 0.06677022700874263 -0.7752357121466162 0.15064271038337929 -0.6134463011714051 0.5838988971790036 -0.19959134627738956 -0.7869087446231129,-24.222612187680756 -143.76056015278272 1330.4355178774672,-1
000002,000768,6,0.868513822555542,-0.31013288787728066 -0.9503869773430782 0.024128513290005038 -0.8994668159617387 0.28510874909345574 -0.3311683079251647 0.30785879691922086 -0.12440898073311511 -0.9432631481577123,-63.765654177861435 -363.6936956804391 1260.631787365998,-1
000002,000769,6,0.9106280207633972,-0.16592566784234597 -0.9855985840125044 -0.03262060611971804 -0.9476791478531496 0.1685152996187984 -0.2711214239390074 0.2727139627437507 -0.014072135123460033 -0.9619922398531431,-6.452595938784616 -395.83534400104924 1252.122443195925,-1
000002,000770,6,0.8184395432472229,-0.4035787986350561 -0.909780508285017 0.09707512573744898 -0.8893613458494394 0.3651651183075463 -0.2751196701079549 0.21485006353538588 -0.19736733041740248 -0.9564965170259372,-141.00849661987547 -307.0251813950626 1056.6971997958533,-1
000002,000773,6,0.8782750964164734,0.30688004512267264 -0.9340633322312194 0.18262072523844922 -0.9353643868632656 -0.3314428415755595 -0.1234467762083154 0.17583543924196174 -0.13293357043813064 -0.9754027702222077,110.07165403064366 -300.35475937159686 1163.641227626158,-1
000002,000775,6,0.8682463765144348,-0.05813469609419042 -0.9929648417571477 0.10315609601103848 -0.9973233238549739 0.053176379866703205 -0.05018426366042373 0.04434574167722254 -0.10579742746624118 -0.9933983891353066,127.19213505379145 -350.45873527274074 1118.99226613792,-1
000002,000785,6,0.6827845573425293,-0.17860298937169272 -0.9808898545831003 0.07717554899992157 -0.7177647938760757 0.07623873239733214 -0.692099238805016 0.6729893556807043 -0.17900488501265055 -0.717664669802045,112.23742186071242 -136.79512237690963 1411.9199958701115,-1
000002,000791,6,0.594132125377655,-0.17336830254396873 -0.983093713472516 0.0589082524256313 -0.5742398601540732 0.05231048742329536 -0.8170141956635563 0.8001200001770068 -0.175471830891332 -0.5736005769526304,20.03420592327604 -210.8277981988199 1380.5559197170678,-1
000002,000794,6,0.44892165064811707,-0.1690838665513945 -0.9465502788521297 0.2746874872959928 -0.6982093735234559 -0.08167254884774922 -0.7112195620824104 0.6956395020382424 -0.31204513194355066 -0.6470807668555132,-132.8406436616439 -187.90981160588723 1348.2360685456238,-1
000002,000801,6,0.6658720970153809,-0.23616523469421113 -0.9262573850456269 0.29372306441657847 -0.49905197861802686 -0.14374745766874986 -0.8545664345451461 0.8337704147781095 -0.3484019590389932 -0.4283024286395434,-3.5992327517733056 -7.97175089845266 1387.8205211124032,-1
000002,000803,6,0.5214195251464844,0.28143138662062617 -0.9595375314534735 0.009170624676969441 -0.23855958852177417 -0.07921975021120709 -0.9678912923984778 0.929454516019538 0.2702072480683081 -0.2512018028244194,111.97210139426505 102.05074041493842 1460.5442569852687,-1
000002,000804,6,0.6847831010818481,0.45498906312666876 -0.8900214121336933 -0.02910048760180406 -0.26171760876770134 -0.10241444259935406 -0.9596953554164886 0.8511691052288216 0.4442670006770819 -0.27953172702460316,275.5620412981087 32.61510409640367 1490.5184411767161,-1
000002,000808,6,0.6963163018226624,-0.4158594869697967 -0.9065266890591469 -0.07259648146210795 -0.5041027748172532 0.2962187337040951 -0.8112551104457142 0.7569288470647444 -0.3007720462845626 -0.580167990029641,-158.04641730448316 -204.59612727031694 1375.7319153230653,-1
000002,000809,6,0.8489932417869568,0.44099725064794226 -0.8952115065936811 -0.06416995701438452 -0.8157237923160169 -0.36996660399246206 -0.4446565040341379 0.3743208778181256 0.24843725645031003 -0.8933995802757644,82.53529757839127 -264.7346455533827 1185.5985952169528,-1
000002,000819,6,0.8226362466812134,0.14270347079542012 -0.9897437373196011 0.006561543992805695 -0.9868932469269515 -0.1427909089246684 -0.07518294685928888 0.07534877963789544 0.0042533240055341315 -0.9971481688505399,82.48922393791004 -253.60482177967887 1047.5335999852848,-1
000002,000821,6,0.8219465613365173,0.13486521494423975 -0.9905336423386537 0.025582751872389148 -0.8935780061820284 -0.1327399030744767 -0.42883384311354156 0.4281702005812583 0.03497458401609313 -0.9030210727370134,148.7095036015791 -260.1305416215284 1230.9157740820458,-1
000002,000828,6,0.6760108470916748,0.4612097490810835 -0.8675001351028464 -0.1863574064777339 -0.6686451095260646 -0.20174209383173203 -0.7156911659949883 0.5832660498086968 0.4546907115533944 -0.6730951433249441,204.65679970170427 -186.42957111636485 1233.8899974972114,-1
000002,000837,6,0.8136694431304932,-0.43567840931176494 -0.8983594952578022 0.05598697116041959 -0.8074282615892296 0.36257490792010616 -0.46540201818827703 0.3977988512383682 -0.2479710737704574 -0.8833269046771766,-136.77192949115343 -318.77767891790785 1169.536292364013,-1
000002,000844,6,0.5839335322380066,-0.43681984243356853 -0.8994952348262061 -0.009836045000967297 -0.7241895634267631 0.3581307434270735 -0.5893147264714551 0.5336083783825614 -0.25030120482594587 -0.8078436763276751,26.810102993648552 -350.57300581969133 1107.9982362700223,-1
000002,000856,6,0.4404703676700592,-0.6345726114933794 0.6648108886003066 0.3941371374800192 0.5204600997507125 0.74458963525438 -0.41798033403406404 -0.5713483047230921 -0.06010621823255996 -0.81850373073055,-1263.5968045228997 -655.36301535132 2154.845453843778,-1
000002,000867,6,0.6084724068641663,-0.5065728697920173 -0.6703804402041185 -0.5421936858562741 -0.4496442329717356 0.7419731486161469 -0.49728855857329024 0.7356656790594076 -0.008118628232244768 -0.6772961660379357,-103.81083050109595 -182.86281362181944 1123.5773688820416,-1
000002,000871,6,0.6221537590026855,-0.12396275964747683 -0.8884363097506337 -0.44194361375322366 -0.6475513353761143 0.4099003591061755 -0.6423853700523072 0.7518713335891943 0.2065493140179962 -0.6261204984709432,-197.87326666383308 -207.32221909158815 1277.9778937897881,-1
000002,000877,6,0.8210194110870361,0.6229359348348307 -0.7817083253658137 -0.02971388808673242 -0.38255202525243726 -0.2712799295781001 -0.8832107040697367 0.6823523789558548 0.5615507936615142 -0.46803411955904406,149.20385540979655 45.31469943420676 1213.4344680434353,-1
000002,000883,6,0.7947839498519897,0.24950154091250254 -0.9400475784132756 -0.23250705667059535 -0.4499938419911458 0.10005314934793286 -0.8874090992747415 0.8574698381006383 0.32603668141007824 -0.3980522065292047,69.12837753874224 18.951324120191583 1198.7239437561157,-1
000002,000886,6,0.7844654321670532,0.3368977697001191 -0.9150102596142157 -0.22193719285376984 -0.5042198368103606 0.02373366972500024 -0.8632491350058327 0.795149199168319 0.40273184344189955 -0.4533705033853339,77.80969746284623 -72.4761406027046 1235.904306069027,-1
000002,000894,6,0.8158912658691406,-0.5181909761258883 -0.8551211590772314 0.01568169506500186 -0.7541452062250262 0.44819883548789063 -0.4799820952859716 0.40341432819064804 -0.26054866563794044 -0.8771381149196387,-111.55559797247274 -291.2683462684652 1019.1359447366934,-1
000002,000902,6,0.6925109028816223,-0.3753223739873297 -0.9082947430802552 0.18475328218272236 -0.5136866814227165 0.03791582075499034 -0.8571396524869166 0.7715303681083668 -0.4166089896164615 -0.4808095681840363,-86.78754718180244 -289.50273940246257 1115.8390705330469,-1
000002,000903,6,0.6993736624717712,-0.38329069487542977 -0.9189331592234038 -0.09300587132866761 -0.25858614371651817 0.20343303157949555 -0.9443242070074219 0.8866912932355491 -0.33790065188168905 -0.3155973700115373,-82.97556208075402 -13.486279738245555 1351.6066171501707,-1
000002,000904,6,0.7445105314254761,-0.2268573159058369 -0.9687509106812777 -0.10028674525676057 -0.36660260976105347 0.18033684721478038 -0.912732791156874 0.9022961180989222 -0.17029472860552064 -0.3960573451822198,69.87353213092995 -91.86899358423386 1275.0963492886376,-1
000002,000907,6,0.8606541752815247,0.5630217204927698 -0.8234868611169078 -0.06982787281010394 -0.7350193961102843 -0.46032104302712806 -0.4978463866375756 0.37782671900625886 0.33162317005034486 -0.864449560987063,283.06539029561117 -180.21760817463976 961.4846006712334,-1
000002,000909,6,0.7702925801277161,0.7118369147186363 -0.6891133803893905 -0.1356869773123422 -0.5484618348754586 -0.42472426733133983 -0.7202769692450968 0.43872294506772497 0.5871388640757518 -0.6802868011088694,324.8909766075684 -128.70153855809957 1040.2072919454374,-1
000002,000918,6,0.7836509943008423,0.0715122724974363 -0.9973736545986854 0.011479895239716348 -0.9447057423129829 -0.07141973697995163 -0.32004731151907984 0.3200266478328465 0.012042187599312859 -0.9473320064236694,45.96903879159878 -319.29198389589925 1007.1404012408433,-1
000002,000934,6,0.7253212332725525,0.2515461741764269 -0.9608469110758568 -0.11617975612466691 -0.7323845332883754 -0.11049769155236855 -0.6718654296520742 0.6327222278829561 0.25409343485730196 -0.7315046880951936,47.837660392902286 -282.64982429715917 1075.262252368981,-1
000002,000942,6,0.550873875617981,-0.3783134174357954 -0.8724471106286229 0.3093784047793536 -0.8380711662236531 0.18088962420417398 -0.5146995863606255 0.39308482358465086 -0.4539988799667246 -0.7996057393843445,-80.96428101229046 -340.43313911869905 1016.0419960768392,-1
000002,000952,6,0.8452376127243042,0.45861596872935895 -0.8398336130148755 0.29043225660523997 -0.3717348555670047 -0.4781723537891007 -0.7957162793536205 0.8071459535815129 0.25696439932833365 -0.5314929040869867,100.57474012737141 -123.09854206550752 1114.4004858184528,-1
000002,000956,6,0.7423965334892273,0.5334860022242766 -0.8454370862076823 -0.02507625760402049 -0.3980117216076014 -0.22477179125868085 -0.8894179621062963 0.7463104949642021 0.4844726773710031 -0.456406474523817,167.08968958738217 -83.41524374475678 1103.2651689473923,-1
000002,000961,6,0.8773952126502991,-0.6518565506158307 -0.7469980479787782 0.1306788189995856 -0.7555616849289065 0.6250075741671709 -0.19619396652563073 0.06488125836189806 -0.22662623093888182 -0.9718183851748299,-244.83475590927057 -276.0543823090993 826.5456298967368,-1
000002,000968,6,0.726488471031189,-0.8543924266845919 -0.5128245993517754 -0.08381235901527664 -0.3755133835106561 0.7208355682605899 -0.5825682640985616 0.3591702660694416 -0.4662692503587637 -0.808448950856814,-325.3875731082139 -167.11851402822688 950.9567546590365,-1
