scene_id,im_id,obj_id,score,R,t,time
000002,000003,10,0.3439512848854065,0.041040120180800166 0.998804941805518 0.026540474005206816 0.8443941260750618 -0.020470555563445902 -0.5353312210256901 -0.5341481708154376 0.04438067800067333 -0.8442251400158152,373.7776371009885 -155.06189047648326 1136.106860544909,-1
000002,000008,10,0.237378790974617,0.6072102104344506 -0.6976926512823859 0.38015881509009564 0.038772766082613486 -0.451873875939236 -0.8912388416434484 0.7935946275992884 0.555909133393406 -0.24733095733316413,-54.25832432087357 -84.29642733225106 1774.362323370108,-1
000002,000017,10,0.7901115417480469,-0.08384089217023138 0.9942844502321725 -0.06609944649243621 0.43649148877340205 -0.02298635784987413 -0.8994147027824133 -0.8957934388174982 -0.10425957691888232 -0.43206950319620696,330.7739199127592 -16.50804904064566 1136.2757782003355,-1
000002,000027,10,0.6655902862548828,-0.016433455548663378 0.9989821381772745 0.042007489111959284 0.43907099893359675 0.04495566426819997 -0.8973269449568864 -0.898302064694379 0.003698087744513634 -0.4393628622367285,477.82581096069003 74.70814493833666 1200.198312822176,-1
000002,000036,10,0.2803697884082794,0.08565823618289725 0.8574080104560189 0.5074585403556496 0.20346320958707348 0.4835434563222557 -0.8513450817338721 -0.9753283492847736 0.17617386143744002 -0.13303150614670245,254.66397089556307 7.557125067777207 2649.0470706740352,-1
000002,000038,10,0.23450160026550293,0.46188230776226924 0.7266657557015932 -0.5085485358024671 0.15038611109831324 -0.629234228387475 -0.7625275755107781 -0.8740988224250885 0.2757193597052119 -0.3999125945988973,152.55497239742485 -162.24757089885858 1400.1129357949083,-1
000002,000039,10,0.265408456325531,-0.08233544871646936 0.8577200388964725 -0.5074812398109821 -0.0721252565486763 -0.5130032213717564 -0.8553511806445284 -0.993991358741335 -0.03382350865352152 0.10410162827698621,251.41199012589368 15.663895349705989 1985.6554122523778,-1
000002,000041,10,0.35982057452201843,-0.07918631688766165 0.6832945658141321 0.7258361134213726 0.17115828368497105 -0.7079903249053017 0.6851675282487493 0.98205619449387 0.17848875642281337 -0.06088837891466481,1347.22046731068 -703.3893822247882 6831.235972135018,-1
000002,000047,10,0.31024160981178284,0.9691348543995296 0.11972038269278379 -0.21551024095364002 0.05715326944508192 -0.9594609158330605 -0.275985968448622 -0.23981479891729046 0.25515050647937054 -0.9366894262580214,-675.6984241862476 -24.897420644279936 1213.3795156504716,-1
000002,000058,10,0.6052761673927307,0.4118159506051655 0.8441981914131924 -0.3431283090067895 0.23547333311893565 -0.4623336273287548 -0.8548683678970084 -0.8803180858172929 0.27125086295850004 -0.3891825241801672,315.471880686019 -135.83446184703715 1343.828686672219,-1
000002,000061,10,0.4295204281806946,0.9491359356871211 -0.28460958443569195 0.1346787289614659 -0.29449802887910015 -0.9537738021184077 0.05988693829977631 0.11140864676342657 -0.09650346542968935 -0.989077951723929,157.7080453011389 -511.5896624447091 3667.6079180329493,-1
000002,000062,10,0.37639012932777405,0.13959274656282805 0.21631373215143523 0.9662930375355933 0.17929523447001522 -0.9652389140052482 0.19017638598499034 0.9738414059811734 0.14670449268065003 -0.17352437242049001,-525.1545036991733 -458.839932818022 2965.884797833285,-1
000002,000064,10,0.413178950548172,0.4842968929676197 0.8744889283226779 -0.02693758903399396 0.14231570006582184 -0.10911965766060927 -0.9837881590194133 -0.8632512733710185 0.4726119069099781 -0.17729981520077542,92.75300527032655 -118.33917434686865 1238.609592324542,-1
000002,000065,10,0.3816739022731781,0.1242952052125077 -0.8022878796781499 0.583853457712395 -0.964364950234158 0.04082944837374425 0.2614061952314176 -0.23356143671644694 -0.5955393473709647 -0.7686234064949593,254.56993354014315 225.32692194439738 5445.392844518714,-1
000002,000069,10,0.3074529767036438,0.9185358167059479 0.33402999930355165 -0.2114613747084954 -0.22163810004778212 -0.00782249846477634 -0.9750976162031049 -0.3273660123402347 0.9425299825910249 0.06684852938857677,-601.4636912950052 126.79304536418374 1130.4777169582746,-1
000002,000072,10,0.8161991238594055,-0.17939186170669164 -0.8684342957252971 -0.46221254197773 -0.0707562107240916 0.4800072030877741 -0.8744064521878944 0.9812299009902702 -0.12415699332683527 -0.14755650582290514,279.06052692202945 -104.90850794888681 1288.8308348869348,-1
000002,000079,10,0.6764238476753235,0.6256215655799251 -0.7738661078501432 -0.09863520569347567 -0.42062204981895285 -0.22812736173911796 -0.878085985557253 0.6570195947515005 0.5908376714012239 -0.46822654577218703,566.1051219096777 74.82996250867154 994.7454317571013,-1
000002,000089,10,0.6581899523735046,0.24555324861863126 -0.7371712730701886 -0.6295094250707564 -0.43059826052370365 0.4988626245723887 -0.7521444142175814 0.8684979793452586 0.4557571677602289 -0.1949273298139007,320.52815937928466 -221.75241787344154 1003.603331532858,-1
000002,000096,10,0.6193364858627319,0.5735661220121056 -0.8130246188428139 -0.10006434347704413 -0.07538172981154151 0.06925044662983515 -0.9947471892155253 0.8156834548344194 0.578096311004547 -0.02156749202665975,480.002929373061 127.56905364929906 1021.7328394254642,-1
000002,000102,10,0.554530680179596,-0.6782345165562507 0.7113267904643275 0.18442379922186838 0.34048262609856894 0.5265992926151498 -0.7789510680025069 -0.6512062053426175 -0.46551840155351837 -0.5993522302772605,479.31799214180637 55.16707072023344 899.7547017573638,-1
000002,000107,10,0.46771323680877686,-0.2645957582592675 0.9561955650817768 0.12521631694449953 0.5168901547762481 0.250238168200964 -0.8186607521255753 -0.8141336822700497 -0.15189108101981447 -0.5604600314920258,619.309300555547 321.63253695525606 1649.1952675209864,-1
000002,000110,10,0.7582768797874451,0.4594129468665944 -0.8873222756483548 0.039986540105103385 -0.34648770241695326 -0.22048320494279494 -0.9117748781426118 0.8178545202694503 0.4050263392378067 -0.40873909551014176,420.36090671479366 104.41092748895409 971.2449501682489,-1
000002,000115,10,0.6626191139221191,0.6652122487495798 -0.7134673457034413 -0.22012953170443408 -0.29329106850404907 0.0214378553178175 -0.9557828035150694 0.6866389249447489 0.7003604536053266 -0.19499287621977657,408.58931809402577 -38.44594079409376 971.1043658154026,-1
000002,000124,10,0.37382838129997253,-0.21800612678996756 0.9756821218065552 0.022753590246272562 0.9475170290647856 0.2171842279526075 -0.23461136110783753 -0.23384783153640554 -0.02958729990533636 -0.9718229177015911,400.96488253116024 -86.67463743391613 959.4181067351273,-1
000002,000126,10,0.3039408028125763,-0.1477338094206777 -0.10234643080000455 0.9837174033514678 -0.6411584764245006 -0.7474105674543852 -0.17404956698172686 0.753054134616541 -0.6564317571233231 0.044797528692090416,302.1450891634299 -157.95022825938742 1027.9353322002605,-1
000002,000136,10,0.4842378795146942,0.6333467653312663 -0.7569194928103001 -0.16107376027218 -0.7449444525486383 -0.5399497211380908 -0.39180615265703483 0.2095939824074906 0.3681401635881311 -0.9058383865192912,-968.7076963143147 -679.8684876438817 1889.3305985454474,-1
000002,000156,10,0.6458088755607605,0.6835719244302878 -0.7273286206088614 -0.0610123083802252 -0.36785602417433355 -0.27111075082729674 -0.8894835053358277 0.630405718255573 0.630469696677858 -0.45287591232213353,330.80106223670714 105.90346122330287 925.7558677548939,-1
000002,000175,10,0.33953332901000977,0.7051342730907014 -0.06053868756444082 0.7064847657386698 -0.13004689633885358 -0.9904896302696229 0.044923235424198696 0.6970462406938865 -0.12355306405072082 -0.7063010538702312,427.8751917008856 -836.0347121758185 1880.2902263202989,-1
000002,000176,10,0.36021336913108826,-0.0625595703198103 -0.21442284751344043 -0.9747354218584802 0.11539036873868569 -0.9716528870507735 0.2063388714911671 -0.9913482551372911 -0.09956660861014645 0.08552851855447363,392.41203213538677 -492.1552004330839 1263.746736205553,-1
000002,000217,10,0.602540910243988,0.20806556466231207 -0.9459982928055825 -0.24858791364560962 -0.26677474074301577 0.189629117427071 -0.9449190629494819 0.9410313270573144 0.26292209460742155 -0.21291315991266524,386.09639885016696 7.8142755974885105 944.6434423771864,-1
000002,000219,10,0.6227197051048279,0.37723795566483986 -0.9110551981626734 -0.16634287092203304 -0.10319198259417084 0.1371449473842261 -0.9851612447387799 0.9203493573280185 0.3888054646063372 -0.04227731257014389,443.7821911139219 12.163260771296818 900.775695947911,-1
000002,000221,10,0.5019533634185791,0.4106359284255946 -0.9100840073638836 0.05590379080656843 -0.384309147226866 -0.22835045118293085 -0.8945180550454592 0.8268522320486347 0.34583691385542786 -0.4435225083027292,-88.18542412525534 6.154405746067145 1161.9891068157174,-1
000002,000224,10,0.7023840546607971,-0.3031300818465874 0.775140049728974 0.5543194537320926 0.1741892415955965 0.6169584682509028 -0.7674766162990576 -0.9368939436201051 -0.13608876426679645 -0.32203972836950445,366.6063160982013 164.89353023081645 941.894424923214,-1
000002,000243,10,0.4456510841846466,0.5068213986344055 0.8602442017574191 0.05578515240640547 0.4793105560003875 -0.227420952478103 -0.8476680371941316 -0.7165148015169432 0.45635471260489147 -0.5275859318541789,259.8095944270387 -406.1411256169308 1435.9127901982995,-1
000002,000249,10,0.3610769510269165,-0.10227747706455159 -0.876755607437483 0.4699350194572014 -0.4736241841377872 -0.3725099372639682 -0.7980704723515397 0.8747682263806371 -0.30419722462002263 -0.3771532826959749,-596.6979717300374 -57.28334806790839 1021.2797460664667,-1
000002,000263,10,0.8315205574035645,0.7843160097439463 -0.6149933204539162 -0.08143471407453223 -0.279025312774625 -0.2324736200805717 -0.9317193197512096 0.5540697354037276 0.7534847256339713 -0.3539314856662834,387.49026601807094 82.84524763761796 747.1404371643442,-1
000002,000266,10,0.3876776397228241,-0.2184460207790755 0.9757782980735223 -0.011749426136102414 0.7404569034663908 0.17358326613942898 0.6493014891599527 0.6356138057930709 0.13313738289867427 -0.7604403508232189,601.5757670888928 -1281.9266311958206 4817.618292850306,-1
000002,000268,10,0.36617499589920044,0.6228169392044551 0.7669346741690333 -0.15462944673390228 -0.040449338622357 -0.16581343354706846 -0.9853272330857124 -0.7813212599468977 0.6199331502771654 -0.07224941482407621,433.7087458797758 -1002.5424349836314 2465.0201541693596,-1
000002,000277,10,0.49145981669425964,0.25774113577221125 -0.9648211588824 -0.051861722914622654 -0.5787203888279315 -0.11117115384047205 -0.8079131674311455 0.7737261909006948 0.2382458938294651 -0.5870150556737888,464.20962398047504 -26.654721954478042 848.9848003950884,-1
000002,000283,10,0.5838779807090759,0.024130734204219295 -0.806990075268171 -0.5900717973987886 -0.3134666372845333 0.5543693571545896 -0.7709820251844617 0.9492925655330353 0.20357218441299563 -0.2395871256078448,348.19104364204856 -268.8390033778049 938.5563459991005,-1
000002,000307,10,0.33787277340888977,-0.570327123383666 0.4985480134359758 0.6528222197749971 0.4534669040351175 -0.47157508179130336 0.7562967071053073 0.6849049125810955 0.72736979627461 0.04287703569178092,-1236.8024197931315 898.5897473948174 2331.376048940576,-1
000002,000338,10,0.6045312881469727,-0.131588755661326 0.9913019200781747 -0.002214188977475995 0.6345257530836756 0.08251258497862524 -0.7684847051137319 -0.7616176652737896 -0.10252890601907949 -0.6398643257546344,344.31678027412056 -140.8274276877023 787.543975025847,-1
000002,000342,10,0.2116960734128952,0.6916813824807766 0.6866191581664611 -0.22389952382321365 -0.21577072620590854 -0.09939306964201444 -0.9713722311347552 -0.6892168445721973 0.720191050587216 0.07940397856547021,39.225651608879396 37.439719391715734 559.5717316135333,-1
000002,000356,10,0.4536970555782318,0.5515627370013625 -0.791064726765775 -0.26456595627282764 -0.5846850975551007 -0.14044274952665536 -0.7990113708842799 0.5949133414612153 0.5953926705732808 -0.5399867442623649,-59.54886305368903 -109.52713203994877 1317.9722906133998,-1
000002,000362,10,0.7953217029571533,0.2454383057631393 -0.9693982068922191 0.005211001657076442 -0.09603664310998394 -0.029663436907571672 -0.994935698269489 0.9646434580943807 0.2436948850201432 -0.10037829332447257,364.8331055648131 13.431341915424547 836.609498527738,-1
000002,000365,10,0.6534738540649414,-0.1830949131081978 -0.8708861950814432 -0.4561068822222139 -0.2352913413947505 0.4892855552662819 -0.8397842759140143 0.9545230418688493 -0.04644222889066485 -0.2944976772694594,206.96480085781997 -274.39833749651973 934.1915236050132,-1
000002,000387,10,0.5799087882041931,0.2805734155442853 -0.8288539597039882 -0.48402445389962834 -0.7095632619773687 0.16048183025878926 -0.686123574444739 0.6463733717765994 0.5359540051532489 -0.5430973841019138,246.78187759083568 -217.9789872097673 657.3486242280527,-1
000002,000402,10,0.7252790331840515,-0.061837789805921695 0.9979418377638468 0.016975753074156025 0.958793843144759 0.06412008220498122 -0.27677243613793967 -0.2772912802444788 -0.0008387481997243484 -0.960785534030272,439.0286511382943 -134.6974956179157 1028.8853330093398,-1
000002,000415,10,0.7779811024665833,0.2719667761117667 -0.9498409951055482 -0.15438962629747638 -0.6436723767305101 -0.06029452517390688 -0.762922303821398 0.7153460310405508 0.3068658570954993 -0.6277845184643982,568.1134722456032 -153.01034631215796 1022.9970160339418,-1
000002,000425,10,0.6502757668495178,0.11413845092431674 -0.8198430788959268 -0.5610969078573191 -0.4714783976016499 0.45243209511624005 -0.7569764328588509 0.8744601389517868 0.3509451884485338 -0.3348984026376438,385.2662348874657 -351.49482582070385 1156.9296102937699,-1
000002,000428,10,0.6966808438301086,0.7250541999892245 -0.6472231489280549 -0.23536907734372964 -0.44850645686883195 -0.18440233351745605 -0.8745500200333218 0.5226264107610257 0.7396607160617426 -0.4239854477338554,496.497478127728 -56.808884670332155 909.4740179454996,-1
000002,000434,10,0.5855591297149658,0.5863649529074799 -0.7613978007594842 -0.2764950831397009 -0.48645418176645544 -0.05804852088956536 -0.8717756008655339 0.6477178946452982 0.64568084857858 -0.4044227623849923,570.1819696352384 -130.22010930420322 959.5025292905308,-1
000002,000438,10,0.826468825340271,0.420399536387419 -0.8916472262083637 -0.16801623076409727 -0.4450309731176689 -0.04126017087657763 -0.8945641571542963 0.7907032710006858 0.45084678361297736 -0.41415638946495736,422.6147228261812 -95.97420033070784 1053.380641760705,-1
000002,000442,10,0.791642963886261,0.6542080206162326 -0.7343208814441394 -0.18106548217839075 -0.27371392455139565 -0.00669907340485798 -0.96178781959546 0.7050479084913761 0.6787694494381861 -0.20537643789227045,483.20107319917986 30.1038174011967 950.0291533922323,-1
000002,000446,10,0.7761672735214233,0.2721552987448722 0.9622060516822125 0.009539783604291752 0.6116848792494453 -0.1653419413569388 -0.7736301771039635 -0.742814311832157 0.21638289334983468 -0.6335655779813745,253.70346606064302 -208.02263347860224 1138.7597807736768,-1
000002,000453,10,0.8190099000930786,0.1096477878942661 0.9501297392341584 0.29194321576759474 0.9061609379837882 0.02514961028870577 -0.42218461788022055 -0.4084724189981933 0.3108391476715193 -0.8582128565761575,192.75809512648692 -145.5038793629738 1192.7991848116105,-1
000002,000473,10,0.8228179216384888,-0.09680882071693175 -0.9553949100386555 -0.2790136521814416 -0.44329896895394694 0.2923788258424951 -0.8473491879522466 0.8911307852138005 0.04165558871500158 -0.45183042789639805,144.51101066333337 -208.12103101222252 1242.7251317843698,-1
000002,000474,10,0.8252550959587097,-0.0025563754658217697 -0.9819947376061797 -0.1888909745282923 -0.6468577233293071 0.1456742592170429 -0.7485680302890254 0.7626064192712406 0.12027196479369584 -0.635583278391558,349.4329407306361 -218.2397956135606 1008.6688652489571,-1
000002,000476,10,0.7627524137496948,0.2823357833200315 0.9550343806444486 -0.09053086348941258 0.6664787267250405 -0.26315216709936395 -0.697536410357106 -0.6899946465589664 0.13660259418467435 -0.7108073712209124,414.3461239819704 -353.60292334233407 1112.6200334207188,-1
000002,000477,10,0.6564639210700989,0.5886303727972795 0.7993194619384115 -0.12084155736758712 0.44498194250271206 -0.4451670054670738 -0.7770568885802315 -0.6749113683047936 0.4036269750771938 -0.6177215472387092,206.88207264293987 -404.59275607693286 1252.2559170659044,-1
000002,000480,10,0.5123541951179504,0.6278399606639182 0.7685629227435291 -0.12299600634757968 0.2921868862904715 -0.37919336375174284 -0.8779744964214609 -0.7214179144389256 0.5152896531763111 -0.46263675389664916,166.5098801724675 -388.7688928616576 1344.4325076862713,-1
000002,000491,10,0.7972729206085205,0.5211643751376058 0.8266148193022465 0.2123573276280888 0.6563859946800441 -0.22918632265634242 -0.718770516573372 -0.5454769656688704 0.5139859628600547 -0.6620221370222483,59.65358775637013 -263.5900254407797 1293.1852266411536,-1
000002,000494,10,0.7412334680557251,0.04378438797762252 0.9778195210016634 0.20482165832133753 0.044518065936060836 0.2029049970708826 -0.9781859250515608 -0.9980486306662304 0.051947536146989826 -0.03464656279516953,364.969115574201 184.22634986583128 1259.9775077546938,-1
000002,000499,10,0.8052356839179993,0.05573226255415287 -0.9922847406891531 0.11074704648908484 0.0652813631496647 -0.10706064610031851 -0.9921070313640079 0.9963093187037432 0.062522087713407 0.058810968467119085,373.9865076204908 260.88317978675747 1274.5843093999958,-1
000002,000501,10,0.7528743743896484,0.01269134905250402 0.999855072728453 -0.011347387294325328 0.2868324248429927 -0.014511725108204532 -0.9578708524081275 -0.9578967009641053 0.008901874721867098 -0.28697502837097133,427.0369634165572 -137.08360635905487 1078.3995424543668,-1
000002,000503,10,0.6540125608444214,0.3376517661602698 0.913635594571256 0.22640955178896155 0.23020237447637837 0.15307807771025617 -0.9610275588712169 -0.9126873241117619 0.3766126690075106 -0.158633999977154,264.11562492635 18.644126905752863 1342.7514186436442,-1
000002,000521,10,0.8423641324043274,0.028944269382031318 0.9523966422446839 0.30348453850400975 0.5986732497977258 0.22661690635911225 -0.7682676081476134 -0.8004702175887433 0.20392501953727193 -0.5636151321248863,319.88411012736043 -229.6330691113593 1215.1667834274901,-1
000002,000527,10,0.3009682595729828,0.9392567606346296 0.20691435914642037 0.2738305782434979 0.2838616443242378 -0.01985676191522101 -0.9586596246258535 -0.19292305327171802 0.9781575317837453 -0.07738564809478232,-71.88320406354731 -38.89393474625256 537.8470526320233,-1
000002,000529,10,0.6465378403663635,0.29035764175640555 0.9569085092985907 0.004306356419021218 0.12603594824362818 -0.03378166453815723 -0.991450320939663 -0.9485817727660533 0.2884179328214184 -0.13041363580175003,284.33792119995866 -28.793963983299978 1267.1522842499464,-1
000002,000532,10,0.6022769808769226,-0.22307857904326056 0.9422405978462625 -0.24983715364684722 0.4420938878253007 -0.1306303447420598 -0.8874056047716183 -0.8687859010823961 -0.30841265992641925 -0.3874179774837001,223.6277986901614 -391.3346321207019 972.4626973214445,-1
000002,000535,10,0.7686935067176819,0.7137867490547457 0.6901846697504443 -0.11896889726028283 0.6504725595328278 -0.7162701309132087 -0.2526708310359287 -0.2596034016893256 0.1029670879604023 -0.9602103168724472,133.47719382560751 -397.15414517448164 1023.2964950368977,-1
000002,000540,10,0.795203685760498,-0.1287982935955263 0.9338288474308307 0.33372845739146506 0.6194355955958744 0.33856195771790254 -0.7082904373878033 -0.7744098026727614 0.11549668606599661 -0.622053030723352,342.5376527133392 -95.01304770748948 1062.3275430030517,-1
000002,000543,10,0.39590224623680115,0.4081876163523225 0.8642959358221147 0.29389692951438673 0.4554122465049175 0.08622851724131197 -0.8860949884452057 -0.7911905937193349 0.4955372621062316 -0.3584135408634932,301.892183772653 -52.26332748696413 1274.0067847471182,-1
000002,000549,10,0.2958790361881256,0.19789444773109244 0.9696584523115183 0.1435279534377789 -0.2711853553972582 0.19486737565660472 -0.9425949336394561 -0.9419640601292965 0.14761162476424078 0.30152034369042546,-336.1871639741927 223.88990975071937 580.30968374703,-1
000002,000560,10,0.707838773727417,0.4985732683625007 -0.8658953947003477 0.0406184873064348 -0.3629793026528437 -0.2510925768927603 -0.8973285594892255 0.787191667842076 0.4326403625022546 -0.4394901532616271,497.87231778646856 13.61697153602275 894.9419829581179,-1
000002,000563,10,0.817086398601532,0.016601898305088847 -0.9863665071236387 -0.16372382415940706 -0.3794228640310193 0.1452835032725317 -0.9137455849017051 0.9250744117221956 0.07729047354993518 -0.37183802317038617,281.40833633921704 -168.10259070826487 1040.948547800671,-1
000002,000571,10,0.7789349555969238,0.5711476763009639 -0.8203411802105808 0.028821518119643397 -0.2868665801651241 -0.23237736352089255 -0.929359094272739 0.7690890046284474 0.5225333568048942 -0.3680502601355333,473.18624841387384 55.558602376537465 914.3409479099607,-1
000002,000575,10,0.7999273538589478,0.5696775326241252 -0.8174325812727823 -0.08527299629428409 -0.15607759211600053 -0.005734244725800419 -0.9877281527205228 0.8069121972448801 0.5759957408793412 -0.1308495793890796,333.0300804126337 17.902836640940215 969.4073500018484,-1
000002,000589,10,0.8767845034599304,-0.19618025904119607 0.9780413877738675 0.07034450770242529 0.86233026863498 0.20623117894774534 -0.46244481684385474 -0.4667974011907656 -0.030062345736658086 -0.8838531787635078,360.4341864820913 -174.50750636348783 850.3734524158587,-1
000002,000603,10,0.5978798270225525,0.8132144120173718 0.5056958259319205 -0.28801745037805104 0.16778386346905738 -0.6776198890586043 -0.7160166625935473 -0.5572529903433782 0.5339503886947154 -0.6358978590671032,507.21364446156497 -16.170657346778256 832.0162063663616,-1
000002,000607,10,0.3778124749660492,0.12220078607818119 -0.8749883025694082 -0.4684681827494589 -0.5453806671783422 0.3351596698473487 -0.7682629260714866 0.829232715074593 0.3493758235403847 -0.43624492911149915,248.6542803194904 -180.20431729982766 861.7076378404898,-1
000002,000611,10,0.3991833031177521,0.908849729380741 -0.02095573494627964 -0.416596959395307 -0.323059898094717 -0.6671450834681867 -0.6712300200730427 -0.26386449485973823 0.744632993344431 -0.6131045861639983,316.5265177779623 -252.0636519058676 1004.9299251316319,-1
000002,000615,10,0.8956556916236877,-0.1896988847618366 -0.6418400983316446 -0.7430044557697758 -0.9064140522850623 0.40535572883464277 -0.11874467954863444 0.3773962094937998 0.6509439463383622 -0.6586684141395822,206.15199115174136 -357.5761237577774 1013.5396612010026,-1
000002,000625,10,0.48072466254234314,0.8124934531026609 0.5826979674501067 -0.017817614734546072 0.32786515858819343 -0.4820083465221088 -0.8125099332727952 -0.482036125668246 0.6543172262844208 -0.5826749873970993,-4.883744038295056 -200.107457853497 1167.985395127642,-1
000002,000642,10,0.8456999659538269,-0.3746852986559823 -0.6355837694153917 -0.6750142213515207 -0.8498655678652874 0.5264545561752574 -0.023960735366956698 0.3705933668160968 0.5646936092590698 -0.7374155437295009,224.89018971265057 -395.522987831291 1060.9487538851863,-1
000002,000648,10,0.281938761472702,0.6690301176794993 0.638193133120913 0.38093073710986897 0.5496932476860779 -0.07991963081338271 -0.8315348375498075 -0.5002359793998106 0.7657169042459264 -0.40427909600416756,168.29049316712525 -221.2719640333904 994.4859850115041,-1
000002,000649,10,0.5936265587806702,-0.3564180813920239 -0.5192760398638752 -0.7767358274729704 -0.7260301163213596 0.6771872029821788 -0.11957325081959769 0.5880870866217197 0.52131553452824 -0.6183718072554034,251.59130635608182 -319.72216453907845 1024.9463497134398,-1
000002,000652,10,0.5907357931137085,0.3546102547951001 -0.3859170275948949 -0.8516569820100551 -0.880593111278352 0.16836968243638628 -0.44295307020652 0.3143363478238971 0.9070389726183719 -0.28013026003654495,447.70287214859 -201.28275091266943 791.2039934919326,-1
000002,000679,10,0.6351302266120911,-0.38938108302795205 -0.4755277732236777 -0.7888318636267871 -0.62209721307343 0.7673434889080777 -0.15549606913568653 0.6792476938983679 0.4301828761391014 -0.5946135412269387,77.07091747471168 -313.9331732653897 1028.4608928657644,-1
000002,000691,10,0.592203676700592,0.06113277397803385 -0.6008227860035174 -0.7970412559991625 -0.8094631486544202 0.43735880103569924 -0.39177377416959375 0.5839796185794698 0.6691257422753869 -0.45960694741070873,470.1463192791422 -408.078874946465 943.8624132826346,-1
000002,000695,10,0.8606569170951843,-0.013447851741230643 -0.7066855717626792 -0.7073999278668338 -0.9690884206245418 0.18350859362925587 -0.16490066426683786 0.24634688610773572 0.6833155191612936 -0.687308600978014,335.87436336757264 -343.0066939208199 904.9930557209727,-1
000002,000703,10,0.6601046323776245,0.9100773620416257 0.22095994016570697 -0.35062216122390644 -0.03084994286278904 -0.8075521734981796 -0.5889887673833256 -0.41328861117228777 0.5468420173325508 -0.7281183502391273,593.0058584939211 -53.5294286450438 1310.1588887141486,-1
000002,000708,10,0.7543503642082214,0.14302629108150056 -0.3833272634570114 -0.9124711990797458 -0.9284738193967789 0.2673165185400943 -0.25783375576204365 0.3427533322292107 0.8840826251013887 -0.31767603818923784,450.76532998564784 -169.536710969616 1150.8631092305764,-1
000002,000711,10,0.6923980116844177,0.7309032768543309 0.6630928551549323 -0.1615186222269164 0.30589921921151886 -0.5298559572569224 -0.7909983136803349 -0.6100869344358921 0.5287348390278728 -0.5901130420765033,553.2653584860024 231.95263151821877 1207.8442641038348,-1
000002,000727,10,0.36753472685813904,0.9601278035499435 -0.2600426194651363 0.10262766153465365 0.04696068159642276 -0.21186450834331128 -0.9761701309138926 0.2755889969399368 0.9420675486217309 -0.19120522639165016,-585.5455441867377 149.15239554565937 1636.661599478012,-1
000002,000736,10,0.7523691058158875,-0.7420561386549174 -0.5977859849339293 -0.30332260598433153 -0.09461834946017178 0.5413670250928134 -0.8354454572786842 0.6636264423830525 -0.5912475457528168 -0.4582862474603444,350.4831097727585 151.8607451161855 1161.887750389866,-1
000002,000737,10,0.5273463726043701,0.7446480890818177 -0.32290058641370767 -0.5841527494760949 -0.6564384296876438 -0.195925985986648 -0.7284926877082437 0.12078001265117475 0.9259310013758283 -0.3578602649570619,515.4100897662 125.77725944579582 1305.1924150363373,-1
000002,000739,10,0.5000712275505066,0.1928263799188168 0.5662719771782213 -0.8013451410410325 -0.4827119232254172 -0.6562723233036523 -0.5799101972216438 -0.8542875314456037 0.4986408382075167 0.1467996188288041,378.3583406596155 -16.79317600706411 1204.5817164127832,-1
000002,000740,10,0.3306291401386261,0.6676146465244728 -0.7102662339786983 0.22318727700234278 0.444696376090803 0.14000138174011378 -0.8846721122554764 0.5971062023105358 0.6898706327860147 0.4093197932933532,81.39552411216943 230.86522882297714 2206.395010599503,-1
000002,000750,10,0.7940159440040588,0.021620604555933065 -0.43662562257260495 -0.8993834639194349 -0.7327582724754872 0.6050771158889768 -0.31136312875197264 0.6801454723640936 0.6657625323946692 -0.30685890386635606,400.5381005089474 -214.0279235306782 1160.8697101167702,-1
000002,000754,10,0.7792736291885376,-0.07379334959903705 -0.4185908514100122 -0.9051719398383911 -0.9378192589887381 0.33783306285706094 -0.07977379964895487 0.3391895915631387 0.8430009019902995 -0.4174923954023271,455.0288333312511 -432.503036751081 1150.9983050129454,-1
000002,000756,10,0.47416093945503235,-0.007143889974313922 -0.4239352610012317 -0.905664319334627 -0.6877985256766483 0.6595080635263773 -0.30328584243369644 0.725866484219422 0.620747942907188 -0.29629350054199755,417.6037575187221 -257.92233838213673 1246.5309498283495,-1
000002,000757,10,0.6573918461799622,0.14016293076632236 -0.43994866672395094 -0.8870172058572559 -0.6688263215000576 0.6185070615109123 -0.4124565025912893 0.730086093901053 0.6510715671175901 -0.20755748597279933,477.34064815585026 -251.92411598462536 1190.8819353755923,-1
000002,000758,10,0.6096950769424438,0.13429880626545188 -0.47651061136431216 -0.8688506591428037 -0.7496719248866045 0.5245354782954628 -0.4035523969030088 0.6480399954265849 0.7055495512482166 -0.286782138671418,479.09023060176884 -302.58920708551875 1264.8037634154923,-1
000002,000761,10,0.7532237768173218,0.31843098208325726 -0.5009864872181988 -0.8047448348851095 -0.4146597137499397 0.6897923418672984 -0.5935013453178066 0.8524429784110551 0.5226844791324856 0.011912339471827571,501.1667476556807 24.998681380171064 1209.8518345152763,-1
000002,000762,10,0.47569724917411804,0.08336760508675367 -0.5124740850099694 -0.8546462160539262 -0.5025690264482059 0.7189552295743684 -0.4801330560610986 0.8605081150558674 0.46954625976666253 -0.1976160263291833,259.5193616415072 -128.50473829161268 1245.6756624138725,-1
000002,000764,10,0.8373945355415344,-0.20567934217698558 -0.5429296868737706 -0.8142010582852323 -0.7375171083578217 0.632861692707279 -0.2357002180380719 0.6432453055259398 0.55200854433136 -0.5305865093498077,308.6581960496513 -144.44090083389798 1338.3653967621174,-1
000002,000768,10,0.5038583278656006,-0.28985937200976863 -0.48180012630398217 -0.8269523461189101 -0.8635313101233697 0.5042164463274924 0.00891356771958629 0.4126684151891436 0.7166829239952225 -0.5622013567743669,267.8173058188399 -393.196476090352 1240.0274070676217,-1
000002,000769,10,0.7885485291481018,-0.11984249565765692 -0.47118316580923525 -0.8738559380656122 -0.9152724328338119 0.39341528249019975 -0.08660709669323674 0.3845960867312871 0.7894370397702043 -0.4784088317640438,325.4432351172476 -384.39569527932105 1199.2241771843733,-1
000002,000770,10,0.8095235824584961,-0.4117756224936069 -0.546286417095563 -0.7293915184706327 -0.8382904427746174 0.5409542643883061 0.06810005427929278 0.3573653176691024 0.6394838812175013 -0.6806984614278648,177.22213678505537 -368.3523678954641 1071.622436165016,-1
000002,000773,10,0.8204805254936218,0.3294605056954796 -0.5922618522668629 -0.735310596643557 -0.9136687203588448 -0.0036396626789654274 -0.40644338141174696 0.23804462738047696 0.8057373338781122 -0.5423302537847969,400.9936151370789 -134.21144024762705 1169.3168612591635,-1
000002,000775,10,0.7818664312362671,-0.00753743351562064 -0.5792289399050038 -0.8151300646354074 -0.9950887521615285 0.08480208601032457 -0.0510586087737418 0.09869935368385213 0.8107419079983613 -0.5770233931112041,456.5967519588689 -298.08280465530095 1130.1980798629409,-1
000002,000785,10,0.39813756942749023,-0.12495611198805201 -0.5891501668828079 -0.798303232449167 -0.4646197078735266 0.7456795957817434 -0.47758817771202694 0.8766495862842507 0.3112298528366702 -0.3669080015084385,453.78672796594725 -125.7424276389445 1419.8349276750855,-1
000002,000788,10,0.5514749884605408,0.05498067309637633 -0.4824670281570828 -0.8741868749455932 -0.4979936332437304 0.7455966764079376 -0.44281817643153065 0.8654359981157349 0.459685939387654 -0.19927210114492144,395.47275996722004 -58.78000251839622 1195.0724760417302,-1
000002,000791,10,0.5326017141342163,-0.06729734366719109 -0.5350170661190986 -0.8421566401190766 -0.5657312201056545 0.7157278904669104 -0.4094896499370329 0.8218389465905759 0.4488767378346736 -0.3508424434098507,351.279490011824 -168.0957613367223 1297.0120794488334,-1
000002,000794,10,0.8247268795967102,-0.14614413020195216 -0.6986638010453381 -0.7003647523372344 -0.6452086218709054 0.6039817916830884 -0.4678801444587423 0.749898478109512 0.3835034399117783 -0.5390523018268927,194.81189908359707 -109.91934812189257 1329.7298807333443,-1
000002,000801,10,0.4227803647518158,0.16925463016442732 -0.9747926960647235 0.14536873758401603 0.09958854810506662 -0.12982632362799684 -0.9865228060108715 0.9805279145716495 0.18145061419600172 0.07510448291324545,-449.1605954787321 548.9114532801926 1218.929198572102,-1
000002,000803,10,0.7702386379241943,0.15792812503754416 -0.5366666155144001 -0.8288833760635117 -0.2827305706241643 0.7796978884183117 -0.5586900994563626 0.9461089428584111 0.3225835497795029 -0.028595832825689005,422.98783265565163 139.73211956405802 1298.101614103385,-1
000002,000804,10,0.6849656105041504,0.3160939336359758 -0.5548879607206939 -0.7695349089974833 -0.30061484703687147 0.7107474494848223 -0.6359785977466681 0.8998418410251513 0.43236259562784757 0.05785539769474157,547.7305566743996 83.60650797950576 1242.2109087838528,-1
000002,000808,10,0.47631412744522095,-0.43591683088474587 -0.34765752508677505 -0.8301269552315108 -0.42719684559876614 0.8917727565713768 -0.14914491525879106 0.7921359552891564 0.28961283791922343 -0.5372569519796926,158.9530890939759 -279.81922730028145 1391.3909728799797,-1
000002,000809,10,0.8798239231109619,0.4844809471077284 -0.40875278157556105 -0.7734334977513195 -0.7575882331324623 0.2460407814514619 -0.604585811016094 0.43742231414141713 0.8788544233358535 -0.19046422675707864,353.5149614924994 -93.39290526879846 1070.048854686577,-1
000002,000819,10,0.8984546065330505,0.16876486029567617 -0.4766662386986369 -0.8627327041524944 -0.9790069766462126 0.020433849710599583 -0.20279989512829438 0.11429681363635363 0.8788468323154492 -0.46321105742596247,397.9008753084072 -142.4850223192519 1006.9307434051785,-1
000002,000821,10,0.7707868218421936,0.18687926360760654 -0.48971677311587913 -0.851618237805209 -0.8530595568237622 0.3490291009001556 -0.3879021516265092 0.48720173783056764 0.798971944972913 -0.3525312720895486,472.4301105431416 -165.84950773600826 1187.752358864733,-1
000002,000828,10,0.7436587810516357,0.7294978751831864 0.3455501771375593 -0.5902778372795454 -0.019751767903632256 -0.8519980708671413 -0.5231722038711072 -0.6836978263589093 0.3933120419194812 -0.6147055554598735,640.8459106391858 -146.2009783978416 1425.8211590569797,-1
000002,000837,10,0.73647540807724,-0.4020232745199448 -0.47529070733117795 -0.7826084782756253 -0.774763287161991 0.6320938915208903 0.014112447269104544 0.4879745235257755 0.6120098494522825 -0.6223542468427343,186.40584412961758 -387.2885997761753 1212.2538445826276,-1
000002,000840,10,0.7811647653579712,-0.016861487918695017 -0.4134134073957213 -0.9103873048382362 -0.7102881900021242 0.6457826077685555 -0.2800991086154158 0.7037090146990262 0.6419144632185068 -0.30453151650071053,374.612825384791 -295.22488389782166 1147.9591888898467,-1
000002,000844,10,0.7119542360305786,-0.32480478432739024 -0.44945268891786705 -0.832162323409644 -0.7069722588978896 0.6998408373901158 -0.1020442427083312 0.6282452365333566 0.5551712193059007 -0.5450622350039918,355.5254333112441 -405.704487900863 1148.064745206467,-1
000002,000850,10,0.44993650913238525,0.9796760097335617 0.0681294959304432 -0.1886618343406798 0.05168847569964306 -0.9945323986099206 -0.09073923955514494 -0.19381232528498749 0.07914341349387384 -0.9778410416157446,-129.6024943964903 -519.9608123275857 2531.92218529337,-1
000002,000856,10,0.8132935166358948,0.5485217146261043 -0.42650941658053765 -0.7191756712735549 -0.6052088377725044 0.39095263304175876 -0.6934538927713727 0.5769282375353915 0.8156259904428289 -0.04368125969408032,512.01892282267 -40.08975241675615 1031.0911277834257,-1
000002,000867,10,0.3503205478191376,-0.08616847872880085 -0.9926430091949285 0.08505791891412351 -0.629680655560465 -0.011898755486531298 -0.7767629571695699 0.7720604026153055 -0.12049180849464058 -0.624022803108335,-232.2176803972705 10.356124811237347 1507.9493962274037,-1
000002,000871,10,0.3297353982925415,0.24647333023842677 -0.9479503375772278 -0.2015962672481788 -0.5249850065996278 0.04425755228744044 -0.849960006065646 0.814642032015761 0.31532749095621865 -0.4867514079286135,-559.3466258509089 -85.36707476460163 1783.6830608090188,-1
000002,000877,10,0.6557914614677429,0.7707827988912384 0.6342685003662815 -0.05997788239424129 0.2702251841355032 -0.4107301514168058 -0.8707922212422786 -0.5769508010154092 0.6549841312278005 -0.4879790580008956,446.74163791848645 142.4903500270916 1175.3262166717736,-1
000002,000883,10,0.422860324382782,0.22694730752168757 -0.940198955429186 -0.25400953489686995 -0.3686560313913566 0.15847342691275923 -0.9159579157806879 0.90143643709772 0.3015163298602482 -0.3106448980752372,357.7721400109751 -9.879559008081266 1068.808145221322,-1
000002,000886,10,0.31612861156463623,0.8718009733470444 0.39581017943251895 -0.2886128284202612 0.009187906652197236 -0.6022824069805923 -0.7982302203080354 -0.48977407571501425 0.6932461352934189 -0.5287070556160964,473.36664972621907 -117.4567905857138 1411.966785585808,-1
000002,000894,10,0.693028450012207,-0.4974397611485033 -0.432032825148555 -0.7522641304905335 -0.6931542027889634 0.7193699800771047 0.04521153525221788 0.5216233652593765 0.5439250589539188 -0.6573085995614689,200.94786870139345 -392.587069791217 1075.1634721803268,-1
000002,000902,10,0.4820432960987091,-0.36181270756788964 -0.5540727989771654 -0.7497298834086867 -0.5474097082393756 0.7772393668620782 -0.3102282674501433 0.754608624366085 0.2981648873248586 -0.584519908984185,236.01875598988457 -291.7227016528274 1203.2607647451207,-1
000002,000903,10,0.6996526122093201,-0.21905110447037401 -0.41105457137272366 -0.8849015498821867 -0.2164848721155161 0.9047982008600325 -0.3667076708572879 0.9513941947349892 0.11124007854202 -0.28718414153731975,228.88231602146755 -55.622291240583735 1185.0383570886283,-1
000002,000904,10,0.5777096748352051,-0.19147254890360244 -0.35592067266267535 -0.9146905147577 -0.31305735992999106 0.9054034837898736 -0.2867745123521687 0.930232955990069 0.23144115086239275 -0.2847834989557323,389.13336943945353 -134.56917319933453 1227.2293883595794,-1
000002,000918,10,0.8950629234313965,0.09473895579917324 -0.4948919850191351 -0.863774538533003 -0.9083783552651876 0.3120047361246191 -0.278391465963882 0.40727545216940675 0.811008611421375 -0.4199901644807629,379.3628630908728 -246.57280655884517 981.6312588369968,-1
000002,000925,10,0.7438357472419739,0.035304525027543665 -0.5101733045684392 -0.8593467227017848 -0.5377649829454302 0.7150806160814029 -0.44661900499457297 0.8423552775582763 0.47789424751754417 -0.24910775692330334,329.58272042178936 -149.8368390661634 996.5038637393789,-1
000002,000934,10,0.8619591593742371,0.21823910163249383 -0.45600722095753865 -0.8628030533981812 -0.6484492502378317 0.5929549478628242 -0.4774075823350414 0.7293046444282636 0.6636729949603026 -0.16629158540282818,356.7467566862386 -196.67767238322875 913.7750272672397,-1
000002,000942,10,0.8566598296165466,-0.08469625756447008 -0.654223989685739 -0.7515434220816833 -0.8066666142282942 0.48777929213274973 -0.3337069607543931 0.5849064176806692 0.5779812570370667 -0.5690537312678119,255.30925537809352 -260.6744560637021 1007.7882611583284,-1
000002,000952,10,0.8001128435134888,0.4543783704715063 -0.686854757091487 -0.5672484809221202 -0.2854695160188555 0.4909240366496578 -0.82310433461595 0.8438290418512621 0.5359329556020974 0.026989168716010203,356.8241109015103 50.743876634021575 975.9014945455568,-1
000002,000956,10,0.641831636428833,0.22118437759702514 -0.9645602605055555 -0.1438783338813444 -0.7022862806459919 -0.2599017831412922 0.6627556436096158 -0.6766619917827777 -0.045547414563637145 -0.7348836519498394,1110.1723517258167 -120.9113427549161 2275.480127870394,-1
000002,000968,10,0.6518264412879944,0.8349376469213016 0.19034030205446312 -0.5163813466492915 0.36850376315261063 -0.8902531561710434 0.2676831979595665 -0.4087592228878568 -0.41378724888680607 -0.8134469929643873,-98.79601972564237 -358.2326934870304 993.9572131905782,-1
000002,000969,10,0.7759787440299988,-0.7799180847839369 -0.1910247708604605 -0.596017883913448 -0.4004007212270169 0.8842015158500295 0.24055548592662518 0.4810478598516374 0.4262595644513078 -0.7660912088295628,-5.343591501680846 -355.1518680038802 1014.076808839984,-1
